src/main/resources/dem.asc
ncols         218
nrows         236
xllcorner     466515.47101027
yllcorner     2626221.2241437
cellsize      90
NODATA_value  -9999
[rows 76 to 113 of 236, columns 84 to 167 of 218]
444 433 434 439 453 463 475 494 522 554 568 559 548 543 530 517 514 526 523 521 527 534 518 506 526 517 513 506 490 482 476 487 491 482 477 469 458 473 490 478 459 458 441 438 439 425 429 420 427 422 427 -9999 -9999 -9999 -9999 -9999 -9999 -9999 -9999 -9999 -9999 -9999 -9999 -9999 -9999 -9999 -9999 -9999 -9999 -9999 -9999 -9999 -9999 -9999 -9999 -9999 -9999 -9999 -9999 -9999 -9999 -9999 -9999 -9999
418 427 433 456 476 487 502 517 520 543 556 547 536 529 526 511 510 514 508 502 518 517 506 495 522 512 506 508 501 487 469 467 470 467 467 471 468 458 462 464 463 459 438 422 435 424 426 410 404 412 426 -9999 -9999 -9999 -9999 -9999 -9999 -9999 -9999 -9999 -9999 -9999 -9999 -9999 -9999 -9999 -9999 -9999 -9999 -9999 -9999 -9999 -9999 -9999 -9999 -9999 -9999 -9999 -9999 -9999 -9999 -9999 -9999 -9999
407 417 443 469 486 499 523 533 533 544 558 547 535 524 514 501 515 517 514 497 507 493 490 510 506 508 515 512 499 482 481 474 467 467 470 484 475 469 458 449 463 453 435 418 417 411 413 414 395 406 414 413 -9999 -9999 -9999 -9999 -9999 -9999 -9999 -9999 -9999 -9999 -9999 -9999 -9999 -9999 -9999 -9999 -9999 -9999 -9999 -9999 -9999 -9999 -9999 -9999 -9999 -9999 -9999 -9999 -9999 -9999 -9999 -9999
398 411 472 484 500 507 520 542 553 555 559 546 542 534 517 497 499 501 496 495 485 480 486 512 508 506 506 511 500 500 499 479 473 467 469 468 476 480 461 439 455 462 438 442 430 411 398 407 395 402 408 402 415 -9999 -9999 -9999 -9999 -9999 -9999 -9999 -9999 -9999 -9999 -9999 -9999 -9999 -9999 -9999 -9999 -9999 -9999 -9999 -9999 -9999 -9999 -9999 -9999 -9999 -9999 -9999 -9999 -9999 -9999 -9999
396 420 483 495 509 526 533 538 558 574 571 563 544 524 506 498 491 491 503 499 480 483 500 516 517 505 502 507 507 504 495 482 480 468 464 456 463 466 451 432 435 448 453 441 432 409 388 391 389 389 393 395 403 422 -9999 -9999 -9999 -9999 -9999 -9999 -9999 -9999 -9999 -9999 -9999 -9999 -9999 -9999 -9999 -9999 -9999 -9999 -9999 -9999 -9999 -9999 -9999 -9999 -9999 -9999 -9999 -9999 -9999 -9999
401 439 483 513 529 542 552 560 568 579 574 559 537 520 508 497 490 490 485 475 475 501 507 511 506 508 501 505 516 507 496 485 474 475 478 463 455 461 457 432 426 434 449 425 410 415 407 388 386 391 400 399 400 420 -9999 -9999 -9999 -9999 -9999 -9999 -9999 -9999 -9999 -9999 -9999 -9999 -9999 -9999 -9999 -9999 -9999 -9999 -9999 -9999 -9999 -9999 -9999 -9999 -9999 -9999 -9999 -9999 -9999 -9999
425 432 476 512 538 564 574 582 591 591 589 577 539 520 507 491 479 479 467 479 491 498 490 485 496 500 499 492 497 502 496 485 474 475 478 463 455 461 457 432 426 434 449 425 410 415 407 388 386 391 400 399 400 420 -9999 -9999 -9999 -9999 -9999 -9999 -9999 -9999 -9999 -9999 -9999 -9999 -9999 -9999 -9999 -9999 -9999 -9999 -9999 -9999 -9999 -9999 -9999 -9999 -9999 -9999 -9999 -9999 -9999 -9999
435 439 466 497 529 548 564 582 591 591 589 577 539 520 507 491 479 479 467 479 491 498 490 485 496 500 499 492 497 502 502 491 482 478 465 456 452 449 444 428 426 430 435 419 421 429 411 384 384 397 406 399 403 417 -9999 -9999 -9999 -9999 -9999 -9999 -9999 -9999 -9999 -9999 -9999 -9999 -9999 -9999 -9999 -9999 -9999 -9999 -9999 -9999 -9999 -9999 -9999 -9999 -9999 -9999 -9999 -9999 -9999 -9999
435 439 466 497 529 548 564 587 594 584 590 585 554 537 513 494 477 462 463 484 487 481 480 488 506 513 501 499 492 500 501 501 501 489 467 471 464 453 441 430 426 426 428 436 429 439 416 390 383 393 411 410 413 426 -9999 -9999 -9999 -9999 -9999 -9999 -9999 -9999 -9999 -9999 -9999 -9999 -9999 -9999 -9999 -9999 -9999 -9999 -9999 -9999 -9999 -9999 -9999 -9999 -9999 -9999 -9999 -9999 -9999 -9999
441 460 489 495 505 523 550 570 574 572 560 552 543 526 501 485 457 453 458 472 469 464 466 484 493 500 502 496 488 496 512 519 517 508 490 493 498 493 472 459 447 429 426 438 441 455 428 407 383 383 399 405 401 415 -9999 -9999 -9999 -9999 -9999 -9999 -9999 -9999 -9999 -9999 -9999 -9999 -9999 -9999 -9999 -9999 -9999 -9999 -9999 -9999 -9999 -9999 -9999 -9999 -9999 -9999 -9999 -9999 -9999 -9999
443 465 463 466 481 506 529 540 550 556 547 538 520 505 488 472 461 466 451 452 450 452 466 471 477 471 474 469 477 487 504 526 539 537 527 526 531 518 498 473 448 437 434 425 432 452 436 423 393 383 383 401 411 416 408 -9999 -9999 -9999 -9999 -9999 -9999 -9999 -9999 -9999 -9999 -9999 -9999 -9999 -9999 -9999 -9999 -9999 -9999 -9999 -9999 -9999 -9999 -9999 -9999 -9999 -9999 -9999 -9999 -9999
448 454 437 446 470 496 509 520 527 543 549 532 513 500 483 473 475 473 451 451 435 432 436 457 457 456 451 443 449 474 514 542 544 542 547 544 533 527 505 478 457 453 451 428 420 444 464 440 406 394 383 398 409 402 389 400 -9999 -9999 -9999 -9999 -9999 -9999 -9999 -9999 -9999 -9999 -9999 -9999 -9999 -9999 -9999 -9999 -9999 -9999 -9999 -9999 -9999 -9999 -9999 -9999 -9999 -9999 -9999 -9999
432 437 430 448 459 471 492 508 521 531 542 531 506 498 488 478 472 470 458 462 439 425 424 447 441 449 426 425 449 484 512 511 505 516 521 524 516 507 491 486 462 449 443 429 414 437 469 455 436 404 384 383 388 385 394 397 -9999 -9999 -9999 -9999 -9999 -9999 -9999 -9999 -9999 -9999 -9999 -9999 -9999 -9999 -9999 -9999 -9999 -9999 -9999 -9999 -9999 -9999 -9999 -9999 -9999 -9999 -9999 -9999
423 424 428 439 452 470 488 501 504 515 527 524 508 492 477 472 461 461 466 462 448 448 431 418 429 437 417 423 453 486 486 479 483 492 504 514 506 491 473 474 469 446 420 400 389 418 451 451 439 424 394 374 382 383 402 423 -9999 -9999 -9999 -9999 -9999 -9999 -9999 -9999 -9999 -9999 -9999 -9999 -9999 -9999 -9999 -9999 -9999 -9999 -9999 -9999 -9999 -9999 -9999 -9999 -9999 -9999 -9999 -9999
414 428 424 426 435 457 473 488 489 503 516 511 506 498 489 475 466 468 476 462 455 444 428 406 416 416 409 430 459 471 463 466 469 472 482 499 505 489 464 450 456 436 396 371 373 410 409 415 405 404 385 374 391 403 418 441 -9999 -9999 -9999 -9999 -9999 -9999 -9999 -9999 -9999 -9999 -9999 -9999 -9999 -9999 -9999 -9999 -9999 -9999 -9999 -9999 -9999 -9999 -9999 -9999 -9999 -9999 -9999 -9999
409 422 411 420 419 444 462 482 491 500 501 487 486 486 487 481 466 476 465 451 448 439 430 404 397 393 409 428 449 441 432 444 442 464 479 500 506 480 451 427 424 417 387 350 349 371 398 390 375 381 374 374 402 426 -9999 -9999 -9999 -9999 -9999 -9999 -9999 -9999 -9999 -9999 -9999 -9999 -9999 -9999 -9999 -9999 -9999 -9999 -9999 -9999 -9999 -9999 -9999 -9999 -9999 -9999 -9999 -9999 -9999 -9999
397 409 409 414 427 436 453 481 497 505 504 485 476 477 485 485 477 472 463 444 431 418 417 412 386 389 410 441 429 416 420 420 421 452 484 502 504 486 467 430 398 390 365 339 338 373 375 372 381 379 374 389 404 -9999 -9999 -9999 -9999 -9999 -9999 -9999 -9999 -9999 -9999 -9999 -9999 -9999 -9999 -9999 -9999 -9999 -9999 -9999 -9999 -9999 -9999 -9999 -9999 -9999 -9999 -9999 -9999 -9999 -9999 -9999
396 412 420 432 453 454 452 470 486 497 492 479 463 469 477 481 484 470 453 436 420 399 389 383 401 419 439 436 403 386 386 388 418 456 488 500 493 475 459 432 386 382 370 350 335 356 361 374 375 374 374 391 414 -9999 -9999 -9999 -9999 -9999 -9999 -9999 -9999 -9999 -9999 -9999 -9999 -9999 -9999 -9999 -9999 -9999 -9999 -9999 -9999 -9999 -9999 -9999 -9999 -9999 -9999 -9999 -9999 -9999 -9999 -9999
396 411 423 443 467 471 462 462 479 475 453 448 446 468 477 477 477 462 436 416 401 375 368 400 413 419 422 409 391 366 359 386 417 446 462 476 465 445 441 425 403 397 389 355 325 332 343 345 348 354 378 390 394 -9999 -9999 -9999 -9999 -9999 -9999 -9999 -9999 -9999 -9999 -9999 -9999 -9999 -9999 -9999 -9999 -9999 -9999 -9999 -9999 -9999 -9999 -9999 -9999 -9999 -9999 -9999 -9999 -9999 -9999 -9999
396 419 424 445 471 482 471 475 479 473 457 438 432 457 459 454 453 436 422 403 384 367 363 395 386 391 392 371 360 344 367 391 408 419 455 468 456 428 422 424 400 377 381 361 332 324 324 336 353 381 411 418 406 -9999 -9999 -9999 -9999 -9999 -9999 -9999 -9999 -9999 -9999 -9999 -9999 -9999 -9999 -9999 -9999 -9999 -9999 -9999 -9999 -9999 -9999 -9999 -9999 -9999 -9999 -9999 -9999 -9999 -9999 -9999
406 416 426 442 460 471 466 465 464 463 452 439 431 438 438 438 426 422 407 380 357 354 338 356 360 378 367 345 330 342 366 393 411 440 457 456 440 419 401 404 395 366 354 345 324 324 324 350 374 408 435 432 411 418 -9999 -9999 -9999 -9999 -9999 -9999 -9999 -9999 -9999 -9999 -9999 -9999 -9999 -9999 -9999 -9999 -9999 -9999 -9999 -9999 -9999 -9999 -9999 -9999 -9999 -9999 -9999 -9999 -9999 -9999
417 420 435 446 464 477 459 444 447 435 430 438 420 421 422 410 401 401 396 383 348 325 320 336 348 353 345 320 319 347 378 405 432 456 442 417 401 404 393 386 384 354 326 324 324 330 347 375 410 441 459 448 422 426 -9999 -9999 -9999 -9999 -9999 -9999 -9999 -9999 -9999 -9999 -9999 -9999 -9999 -9999 -9999 -9999 -9999 -9999 -9999 -9999 -9999 -9999 -9999 -9999 -9999 -9999 -9999 -9999 -9999 -9999
419 424 436 450 472 484 467 440 426 425 428 436 419 427 421 405 373 360 383 389 351 329 312 318 323 321 313 306 326 352 370 397 423 451 432 396 382 382 378 363 372 345 324 324 324 339 357 405 436 460 464 451 433 -9999 -9999 -9999 -9999 -9999 -9999 -9999 -9999 -9999 -9999 -9999 -9999 -9999 -9999 -9999 -9999 -9999 -9999 -9999 -9999 -9999 -9999 -9999 -9999 -9999 -9999 -9999 -9999 -9999 -9999 -9999
422 444 452 449 462 473 452 437 419 418 425 418 401 406 394 374 341 342 384 399 374 349 324 291 293 294 306 313 322 339 363 390 425 446 426 418 397 373 348 346 358 334 324 324 324 335 359 388 423 446 457 455 -9999 -9999 -9999 -9999 -9999 -9999 -9999 -9999 -9999 -9999 -9999 -9999 -9999 -9999 -9999 -9999 -9999 -9999 -9999 -9999 -9999 -9999 -9999 -9999 -9999 -9999 -9999 -9999 -9999 -9999 -9999 -9999
418 434 415 419 428 449 444 434 415 399 383 367 354 349 345 350 341 361 382 385 385 369 357 323 288 287 302 332 357 370 394 411 404 371 360 384 391 368 341 309 311 324 344 372 364 382 405 407 423 444 464 -9999 -9999 -9999 -9999 -9999 -9999 -9999 -9999 -9999 -9999 -9999 -9999 -9999 -9999 -9999 -9999 -9999 -9999 -9999 -9999 -9999 -9999 -9999 -9999 -9999 -9999 -9999 -9999 -9999 -9999 -9999 -9999 -9999
417 422 402 406 410 430 424 414 407 403 385 369 342 322 322 332 327 358 366 356 364 363 348 301 285 285 307 340 374 391 383 376 367 336 332 354 361 350 338 307 320 334 352 373 376 400 423 425 447 472 490 -9999 -9999 -9999 -9999 -9999 -9999 -9999 -9999 -9999 -9999 -9999 -9999 -9999 -9999 -9999 -9999 -9999 -9999 -9999 -9999 -9999 -9999 -9999 -9999 -9999 -9999 -9999 -9999 -9999 -9999 -9999 -9999 -9999
411 414 403 393 392 398 406 393 378 382 369 355 343 331 326 319 325 343 350 336 327 330 315 285 285 289 318 357 383 401 364 332 331 315 318 339 333 320 311 307 341 341 334 343 370 416 428 448 475 504 -9999 -9999 -9999 -9999 -9999 -9999 -9999 -9999 -9999 -9999 -9999 -9999 -9999 -9999 -9999 -9999 -9999 -9999 -9999 -9999 -9999 -9999 -9999 -9999 -9999 -9999 -9999 -9999 -9999 -9999 -9999 -9999 -9999 -9999
398 417 417 401 387 378 389 377 363 358 364 357 368 369 349 328 300 313 332 339 305 298 285 285 285 294 320 346 370 393 367 319 303 303 313 309 305 292 292 311 345 355 337 344 368 398 403 437 470 497 -9999 -9999 -9999 -9999 -9999 -9999 -9999 -9999 -9999 -9999 -9999 -9999 -9999 -9999 -9999 -9999 -9999 -9999 -9999 -9999 -9999 -9999 -9999 -9999 -9999 -9999 -9999 -9999 -9999 -9999 -9999 -9999 -9999 -9999
395 422 413 393 375 362 373 378 358 341 340 353 375 376 362 343 290 310 331 315 289 285 285 285 285 285 303 321 365 383 371 339 321 295 291 302 292 292 303 316 339 369 369 356 351 378 399 429 452 488 -9999 -9999 -9999 -9999 -9999 -9999 -9999 -9999 -9999 -9999 -9999 -9999 -9999 -9999 -9999 -9999 -9999 -9999 -9999 -9999 -9999 -9999 -9999 -9999 -9999 -9999 -9999 -9999 -9999 -9999 -9999 -9999 -9999 -9999
394 420 416 392 364 356 360 377 373 341 330 356 373 357 352 333 288 303 322 299 285 285 298 290 285 285 289 288 324 361 351 327 306 280 282 289 305 322 342 335 328 354 379 373 366 391 394 413 440 481 501 -9999 -9999 -9999 -9999 -9999 -9999 -9999 -9999 -9999 -9999 -9999 -9999 -9999 -9999 -9999 -9999 -9999 -9999 -9999 -9999 -9999 -9999 -9999 -9999 -9999 -9999 -9999 -9999 -9999 -9999 -9999 -9999 -9999
409 404 401 400 385 354 344 360 366 333 327 354 369 350 336 341 287 289 299 285 293 310 348 325 305 296 285 279 289 319 317 295 268 268 284 305 330 339 360 350 340 352 379 373 366 391 394 413 440 481 501 -9999 -9999 -9999 -9999 -9999 -9999 -9999 -9999 -9999 -9999 -9999 -9999 -9999 -9999 -9999 -9999 -9999 -9999 -9999 -9999 -9999 -9999 -9999 -9999 -9999 -9999 -9999 -9999 -9999 -9999 -9999 -9999 -9999
395 393 393 380 388 369 333 339 332 327 327 354 373 350 315 323 287 289 299 285 293 310 348 325 305 296 285 279 289 319 317 295 268 268 284 305 330 339 360 350 340 352 378 390 388 413 411 429 454 484 512 -9999 -9999 -9999 -9999 -9999 -9999 -9999 -9999 -9999 -9999 -9999 -9999 -9999 -9999 -9999 -9999 -9999 -9999 -9999 -9999 -9999 -9999 -9999 -9999 -9999 -9999 -9999 -9999 -9999 -9999 -9999 -9999 -9999
395 393 393 380 388 369 333 339 332 327 327 354 373 350 315 323 290 285 285 291 312 349 400 371 340 328 315 290 279 287 280 268 268 292 319 334 353 375 386 380 385 387 401 420 425 446 448 455 484 510 524 -9999 -9999 -9999 -9999 -9999 -9999 -9999 -9999 -9999 -9999 -9999 -9999 -9999 -9999 -9999 -9999 -9999 -9999 -9999 -9999 -9999 -9999 -9999 -9999 -9999 -9999 -9999 -9999 -9999 -9999 -9999 -9999 -9999
379 363 369 358 372 369 340 331 331 336 327 341 355 337 314 309 287 294 313 327 339 382 403 362 334 318 307 282 265 273 265 276 299 328 355 366 381 405 413 415 420 426 420 428 430 470 492 509 521 525 529 -9999 -9999 -9999 -9999 -9999 -9999 -9999 -9999 -9999 -9999 -9999 -9999 -9999 -9999 -9999 -9999 -9999 -9999 -9999 -9999 -9999 -9999 -9999 -9999 -9999 -9999 -9999 -9999 -9999 -9999 -9999 -9999 -9999
371 351 347 346 359 368 357 345 341 333 319 328 339 328 304 292 301 313 336 361 386 407 392 353 317 291 285 273 265 269 265 296 326 350 354 358 381 387 387 390 398 403 385 396 386 453 505 520 509 512 528 -9999 -9999 -9999 -9999 -9999 -9999 -9999 -9999 -9999 -9999 -9999 -9999 -9999 -9999 -9999 -9999 -9999 -9999 -9999 -9999 -9999 -9999 -9999 -9999 -9999 -9999 -9999 -9999 -9999 -9999 -9999 -9999 -9999
363 347 343 343 344 357 367 362 364 345 314 306 311 302 292 298 332 338 349 375 392 387 386 358 326 292 268 265 265 265 274 304 318 322 318 344 360 349 353 354 384 376 353 360 376 445 486 503 487 496 523 553 -9999 -9999 -9999 -9999 -9999 -9999 -9999 -9999 -9999 -9999 -9999 -9999 -9999 -9999 -9999 -9999 -9999 -9999 -9999 -9999 -9999 -9999 -9999 -9999 -9999 -9999 -9999 -9999 -9999 -9999 -9999 -9999
363 343 357 349 343 350 367 382 377 349 322 306 299 292 292 311 366 376 370 363 363 376 386 367 328 290 265 265 265 265 281 287 287 291 303 335 334 316 320 356 375 352 339 359 388 447 475 480 476 502 536 560 -9999 -9999 -9999 -9999 -9999 -9999 -9999 -9999 -9999 -9999 -9999 -9999 -9999 -9999 -9999 -9999 -9999 -9999 -9999 -9999 -9999 -9999 -9999 -9999 -9999 -9999 -9999 -9999 -9999 -9999 -9999 -9999
357 349 344 356 343 345 365 374 377 357 323 308 297 295 304 324 371 363 350 330 343 372 349 341 324 292 268 265 265 265 265 265 265 273 295 310 304 293 324 356 348 333 352 383 402 450 458 457 467 500 522 536 -9999 -9999 -9999 -9999 -9999 -9999 -9999 -9999 -9999 -9999 -9999 -9999 -9999 -9999 -9999 -9999 -9999 -9999 -9999 -9999 -9999 -9999 -9999 -9999 -9999 -9999 -9999 -9999 -9999 -9999 -9999 -9999
