src/main/resources/dem.asc
ncols         218
nrows         236
xllcorner     466515.47101027
yllcorner     2626221.2241437
cellsize      90
NODATA_value  -9999
[rows 114 to 151 of 236, columns 84 to 167 of 218]
349 349 346 343 343 343 343 356 375 361 328 299 295 295 311 338 351 334 328 315 340 358 325 315 301 282 265 265 265 265 265 265 265 283 291 279 271 297 320 327 317 340 377 404 414 437 441 448 470 492 503 526 529 -9999 -9999 -9999 -9999 -9999 -9999 -9999 -9999 -9999 -9999 -9999 -9999 -9999 -9999 -9999 -9999 -9999 -9999 -9999 -9999 -9999 -9999 -9999 -9999 -9999 -9999 -9999 -9999 -9999 -9999 -9999
353 350 347 345 343 343 343 343 348 346 330 299 296 315 336 355 330 318 304 307 326 338 311 297 280 266 276 289 275 269 265 265 266 285 291 279 269 290 296 315 339 368 390 390 389 429 430 444 463 481 499 499 485 476 -9999 -9999 -9999 -9999 -9999 -9999 -9999 -9999 -9999 -9999 -9999 -9999 -9999 -9999 -9999 -9999 -9999 -9999 -9999 -9999 -9999 -9999 -9999 -9999 -9999 -9999 -9999 -9999 -9999 -9999
359 357 345 345 357 359 364 359 335 323 318 307 318 338 362 365 319 313 301 296 313 320 300 282 272 284 309 312 297 292 285 267 265 265 265 265 282 298 315 343 374 395 392 357 355 414 414 434 444 468 465 449 446 452 -9999 -9999 -9999 -9999 -9999 -9999 -9999 -9999 -9999 -9999 -9999 -9999 -9999 -9999 -9999 -9999 -9999 -9999 -9999 -9999 -9999 -9999 -9999 -9999 -9999 -9999 -9999 -9999 -9999 -9999
349 347 346 345 370 375 373 364 346 326 313 319 328 345 365 354 318 305 296 301 309 295 281 279 290 301 323 338 322 325 310 273 265 265 265 265 291 309 321 345 360 354 340 323 363 387 397 418 424 422 419 428 453 474 -9999 -9999 -9999 -9999 -9999 -9999 -9999 -9999 -9999 -9999 -9999 -9999 -9999 -9999 -9999 -9999 -9999 -9999 -9999 -9999 -9999 -9999 -9999 -9999 -9999 -9999 -9999 -9999 -9999 -9999
350 345 345 357 381 374 364 347 336 323 326 339 327 346 362 348 317 322 309 290 282 281 290 307 325 312 316 342 355 354 314 285 276 290 275 254 267 283 312 315 305 302 288 290 342 356 368 373 387 397 423 459 496 519 -9999 -9999 -9999 -9999 -9999 -9999 -9999 -9999 -9999 -9999 -9999 -9999 -9999 -9999 -9999 -9999 -9999 -9999 -9999 -9999 -9999 -9999 -9999 -9999 -9999 -9999 -9999 -9999 -9999 -9999
358 358 352 375 392 380 367 348 345 337 347 357 338 331 342 341 327 330 301 305 306 295 308 324 347 347 335 343 363 357 337 315 301 293 272 251 252 282 293 281 266 266 264 282 327 321 340 361 380 408 450 493 534 558 -9999 -9999 -9999 -9999 -9999 -9999 -9999 -9999 -9999 -9999 -9999 -9999 -9999 -9999 -9999 -9999 -9999 -9999 -9999 -9999 -9999 -9999 -9999 -9999 -9999 -9999 -9999 -9999 -9999 -9999
381 389 371 383 400 378 365 359 350 357 361 360 346 333 349 358 333 317 307 321 327 308 334 351 375 377 378 367 371 374 344 323 308 298 291 275 251 255 253 251 251 251 261 287 298 321 355 391 415 438 478 525 564 589 -9999 -9999 -9999 -9999 -9999 -9999 -9999 -9999 -9999 -9999 -9999 -9999 -9999 -9999 -9999 -9999 -9999 -9999 -9999 -9999 -9999 -9999 -9999 -9999 -9999 -9999 -9999 -9999 -9999 -9999
396 401 387 386 390 381 375 373 376 367 360 357 344 352 368 360 331 314 321 322 334 337 349 366 388 402 394 386 378 372 362 348 339 334 314 290 264 242 242 260 280 276 275 275 301 332 383 431 471 496 530 571 609 -9999 -9999 -9999 -9999 -9999 -9999 -9999 -9999 -9999 -9999 -9999 -9999 -9999 -9999 -9999 -9999 -9999 -9999 -9999 -9999 -9999 -9999 -9999 -9999 -9999 -9999 -9999 -9999 -9999 -9999 -9999
382 384 383 368 372 384 386 383 367 356 356 358 359 360 367 359 332 325 327 331 333 333 349 374 387 379 377 362 350 333 328 336 359 349 310 262 242 242 260 281 279 259 254 269 329 366 414 463 492 543 567 598 -9999 -9999 -9999 -9999 -9999 -9999 -9999 -9999 -9999 -9999 -9999 -9999 -9999 -9999 -9999 -9999 -9999 -9999 -9999 -9999 -9999 -9999 -9999 -9999 -9999 -9999 -9999 -9999 -9999 -9999 -9999 -9999
378 369 376 367 374 381 389 388 365 356 360 350 353 363 373 367 351 345 332 334 331 331 344 365 375 348 345 333 330 308 304 315 339 314 280 242 247 268 273 258 245 248 272 302 357 397 443 486 515 546 576 -9999 -9999 -9999 -9999 -9999 -9999 -9999 -9999 -9999 -9999 -9999 -9999 -9999 -9999 -9999 -9999 -9999 -9999 -9999 -9999 -9999 -9999 -9999 -9999 -9999 -9999 -9999 -9999 -9999 -9999 -9999 -9999 -9999
375 367 367 379 393 398 404 403 385 386 383 355 350 349 366 372 360 351 347 353 347 331 356 377 380 348 320 307 291 277 276 300 315 284 259 235 261 270 242 230 248 281 313 335 391 420 455 481 521 555 582 -9999 -9999 -9999 -9999 -9999 -9999 -9999 -9999 -9999 -9999 -9999 -9999 -9999 -9999 -9999 -9999 -9999 -9999 -9999 -9999 -9999 -9999 -9999 -9999 -9999 -9999 -9999 -9999 -9999 -9999 -9999 -9999 -9999
367 367 380 395 399 386 383 390 398 397 369 364 358 341 339 346 339 351 358 370 362 338 379 380 361 342 310 278 257 244 246 289 284 278 255 235 246 234 224 247 276 308 338 365 428 445 469 494 528 561 -9999 -9999 -9999 -9999 -9999 -9999 -9999 -9999 -9999 -9999 -9999 -9999 -9999 -9999 -9999 -9999 -9999 -9999 -9999 -9999 -9999 -9999 -9999 -9999 -9999 -9999 -9999 -9999 -9999 -9999 -9999 -9999 -9999 -9999
367 370 385 380 386 368 358 371 378 388 378 379 351 348 336 333 332 350 374 391 362 352 404 391 365 326 296 263 239 227 238 256 246 245 230 208 211 208 231 261 294 328 351 389 451 480 489 507 536 558 -9999 -9999 -9999 -9999 -9999 -9999 -9999 -9999 -9999 -9999 -9999 -9999 -9999 -9999 -9999 -9999 -9999 -9999 -9999 -9999 -9999 -9999 -9999 -9999 -9999 -9999 -9999 -9999 -9999 -9999 -9999 -9999 -9999 -9999
367 379 384 370 364 350 350 358 367 386 391 370 355 366 350 329 338 360 388 397 372 382 408 384 342 293 260 237 217 216 224 224 217 212 199 201 208 226 247 281 323 346 363 389 466 491 505 525 549 -9999 -9999 -9999 -9999 -9999 -9999 -9999 -9999 -9999 -9999 -9999 -9999 -9999 -9999 -9999 -9999 -9999 -9999 -9999 -9999 -9999 -9999 -9999 -9999 -9999 -9999 -9999 -9999 -9999 -9999 -9999 -9999 -9999 -9999 -9999
380 387 373 353 346 343 343 347 363 378 385 385 374 365 340 329 343 356 376 396 397 392 374 357 333 293 256 228 211 205 209 196 196 196 196 207 230 250 264 297 322 351 362 376 470 493 523 546 -9999 -9999 -9999 -9999 -9999 -9999 -9999 -9999 -9999 -9999 -9999 -9999 -9999 -9999 -9999 -9999 -9999 -9999 -9999 -9999 -9999 -9999 -9999 -9999 -9999 -9999 -9999 -9999 -9999 -9999 -9999 -9999 -9999 -9999 -9999 -9999
377 360 353 366 361 350 343 350 363 359 378 383 361 338 335 329 337 357 377 386 377 350 346 333 312 296 268 244 215 196 196 202 210 205 203 217 241 266 288 296 314 323 342 373 476 508 527 -9999 -9999 -9999 -9999 -9999 -9999 -9999 -9999 -9999 -9999 -9999 -9999 -9999 -9999 -9999 -9999 -9999 -9999 -9999 -9999 -9999 -9999 -9999 -9999 -9999 -9999 -9999 -9999 -9999 -9999 -9999 -9999 -9999 -9999 -9999 -9999 -9999
357 363 381 397 389 374 346 343 346 356 384 364 339 341 341 317 332 360 358 362 348 317 332 316 283 266 250 222 196 196 200 213 221 213 218 240 262 274 275 277 302 320 350 382 480 516 537 -9999 -9999 -9999 -9999 -9999 -9999 -9999 -9999 -9999 -9999 -9999 -9999 -9999 -9999 -9999 -9999 -9999 -9999 -9999 -9999 -9999 -9999 -9999 -9999 -9999 -9999 -9999 -9999 -9999 -9999 -9999 -9999 -9999 -9999 -9999 -9999 -9999
376 369 391 398 373 354 348 343 343 348 350 346 343 343 317 288 323 331 326 339 325 297 296 272 243 236 225 196 196 199 216 213 214 222 229 241 245 253 275 298 323 351 361 381 476 517 537 -9999 -9999 -9999 -9999 -9999 -9999 -9999 -9999 -9999 -9999 -9999 -9999 -9999 -9999 -9999 -9999 -9999 -9999 -9999 -9999 -9999 -9999 -9999 -9999 -9999 -9999 -9999 -9999 -9999 -9999 -9999 -9999 -9999 -9999 -9999 -9999 -9999
386 381 392 376 360 366 353 349 352 343 343 343 350 328 298 288 315 310 310 316 295 260 257 240 219 205 205 196 196 199 216 213 214 222 229 241 245 253 275 298 323 351 361 381 476 517 537 -9999 -9999 -9999 -9999 -9999 -9999 -9999 -9999 -9999 -9999 -9999 -9999 -9999 -9999 -9999 -9999 -9999 -9999 -9999 -9999 -9999 -9999 -9999 -9999 -9999 -9999 -9999 -9999 -9999 -9999 -9999 -9999 -9999 -9999 -9999 -9999 -9999
373 384 392 385 360 366 353 349 352 343 343 343 350 328 298 288 315 310 310 316 295 260 257 240 219 205 205 198 195 217 235 232 233 244 260 251 254 255 272 297 324 364 390 409 485 522 -9999 -9999 -9999 -9999 -9999 -9999 -9999 -9999 -9999 -9999 -9999 -9999 -9999 -9999 -9999 -9999 -9999 -9999 -9999 -9999 -9999 -9999 -9999 -9999 -9999 -9999 -9999 -9999 -9999 -9999 -9999 -9999 -9999 -9999 -9999 -9999 -9999 -9999
373 384 392 385 389 372 361 361 344 343 358 371 361 329 302 288 290 276 280 295 273 221 226 212 197 195 188 190 208 238 262 258 272 268 282 291 272 267 282 308 318 347 395 423 505 -9999 -9999 -9999 -9999 -9999 -9999 -9999 -9999 -9999 -9999 -9999 -9999 -9999 -9999 -9999 -9999 -9999 -9999 -9999 -9999 -9999 -9999 -9999 -9999 -9999 -9999 -9999 -9999 -9999 -9999 -9999 -9999 -9999 -9999 -9999 -9999 -9999 -9999 -9999
385 395 403 405 398 373 363 350 343 360 383 400 390 360 334 317 286 260 268 286 261 198 191 188 187 187 198 218 222 255 280 294 297 277 299 308 291 284 299 325 348 372 407 444 479 -9999 -9999 -9999 -9999 -9999 -9999 -9999 -9999 -9999 -9999 -9999 -9999 -9999 -9999 -9999 -9999 -9999 -9999 -9999 -9999 -9999 -9999 -9999 -9999 -9999 -9999 -9999 -9999 -9999 -9999 -9999 -9999 -9999 -9999 -9999 -9999 -9999 -9999 -9999
413 417 408 385 373 354 352 353 356 381 402 398 386 365 340 318 269 249 259 265 233 187 187 187 187 187 212 234 258 277 304 327 320 315 321 320 318 320 342 365 396 429 453 460 -9999 -9999 -9999 -9999 -9999 -9999 -9999 -9999 -9999 -9999 -9999 -9999 -9999 -9999 -9999 -9999 -9999 -9999 -9999 -9999 -9999 -9999 -9999 -9999 -9999 -9999 -9999 -9999 -9999 -9999 -9999 -9999 -9999 -9999 -9999 -9999 -9999 -9999 -9999 -9999
425 414 387 380 376 366 373 382 391 404 391 369 351 339 318 296 263 236 232 229 199 187 187 195 199 208 210 240 265 291 298 329 357 358 354 353 350 356 379 413 444 463 462 -9999 -9999 -9999 -9999 -9999 -9999 -9999 -9999 -9999 -9999 -9999 -9999 -9999 -9999 -9999 -9999 -9999 -9999 -9999 -9999 -9999 -9999 -9999 -9999 -9999 -9999 -9999 -9999 -9999 -9999 -9999 -9999 -9999 -9999 -9999 -9999 -9999 -9999 -9999 -9999 -9999
438 435 427 418 411 409 419 423 414 394 363 334 319 311 292 273 236 218 198 194 187 187 197 226 229 232 217 228 239 259 288 331 357 357 361 375 378 396 424 449 464 473 -9999 -9999 -9999 -9999 -9999 -9999 -9999 -9999 -9999 -9999 -9999 -9999 -9999 -9999 -9999 -9999 -9999 -9999 -9999 -9999 -9999 -9999 -9999 -9999 -9999 -9999 -9999 -9999 -9999 -9999 -9999 -9999 -9999 -9999 -9999 -9999 -9999 -9999 -9999 -9999 -9999 -9999
443 433 435 431 411 403 402 401 387 375 340 321 303 288 264 239 206 192 187 187 187 187 195 214 245 259 227 219 237 267 312 360 374 366 374 387 406 428 449 459 -9999 -9999 -9999 -9999 -9999 -9999 -9999 -9999 -9999 -9999 -9999 -9999 -9999 -9999 -9999 -9999 -9999 -9999 -9999 -9999 -9999 -9999 -9999 -9999 -9999 -9999 -9999 -9999 -9999 -9999 -9999 -9999 -9999 -9999 -9999 -9999 -9999 -9999 -9999 -9999 -9999 -9999 -9999 -9999
426 410 404 393 377 357 348 357 362 359 336 314 295 272 240 221 187 187 187 192 187 189 193 216 248 264 243 229 258 303 356 386 386 374 388 403 433 447 -9999 -9999 -9999 -9999 -9999 -9999 -9999 -9999 -9999 -9999 -9999 -9999 -9999 -9999 -9999 -9999 -9999 -9999 -9999 -9999 -9999 -9999 -9999 -9999 -9999 -9999 -9999 -9999 -9999 -9999 -9999 -9999 -9999 -9999 -9999 -9999 -9999 -9999 -9999 -9999 -9999 -9999 -9999 -9999 -9999 -9999
402 379 373 354 335 320 324 327 339 328 313 300 277 255 230 204 187 196 207 212 202 208 207 224 257 276 254 245 278 326 379 400 396 388 410 435 458 -9999 -9999 -9999 -9999 -9999 -9999 -9999 -9999 -9999 -9999 -9999 -9999 -9999 -9999 -9999 -9999 -9999 -9999 -9999 -9999 -9999 -9999 -9999 -9999 -9999 -9999 -9999 -9999 -9999 -9999 -9999 -9999 -9999 -9999 -9999 -9999 -9999 -9999 -9999 -9999 -9999 -9999 -9999 -9999 -9999 -9999 -9999
393 366 351 325 299 285 285 286 303 306 293 279 265 251 228 201 187 209 238 238 216 230 223 230 260 274 278 278 314 339 400 410 406 416 432 458 -9999 -9999 -9999 -9999 -9999 -9999 -9999 -9999 -9999 -9999 -9999 -9999 -9999 -9999 -9999 -9999 -9999 -9999 -9999 -9999 -9999 -9999 -9999 -9999 -9999 -9999 -9999 -9999 -9999 -9999 -9999 -9999 -9999 -9999 -9999 -9999 -9999 -9999 -9999 -9999 -9999 -9999 -9999 -9999 -9999 -9999 -9999 -9999
371 351 335 308 280 265 258 257 265 284 273 260 233 215 198 178 211 244 286 269 227 255 257 231 252 270 304 323 354 383 413 433 436 458 464 469 -9999 -9999 -9999 -9999 -9999 -9999 -9999 -9999 -9999 -9999 -9999 -9999 -9999 -9999 -9999 -9999 -9999 -9999 -9999 -9999 -9999 -9999 -9999 -9999 -9999 -9999 -9999 -9999 -9999 -9999 -9999 -9999 -9999 -9999 -9999 -9999 -9999 -9999 -9999 -9999 -9999 -9999 -9999 -9999 -9999 -9999 -9999 -9999
339 323 299 287 269 254 240 234 248 258 245 227 196 182 178 181 213 265 301 292 264 278 288 257 262 285 317 357 397 419 432 453 464 484 476 481 -9999 -9999 -9999 -9999 -9999 -9999 -9999 -9999 -9999 -9999 -9999 -9999 -9999 -9999 -9999 -9999 -9999 -9999 -9999 -9999 -9999 -9999 -9999 -9999 -9999 -9999 -9999 -9999 -9999 -9999 -9999 -9999 -9999 -9999 -9999 -9999 -9999 -9999 -9999 -9999 -9999 -9999 -9999 -9999 -9999 -9999 -9999 -9999
326 316 296 281 268 257 248 227 225 228 219 203 178 178 199 213 242 291 323 334 305 326 322 297 299 320 353 389 416 441 447 459 462 474 485 485 -9999 -9999 -9999 -9999 -9999 -9999 -9999 -9999 -9999 -9999 -9999 -9999 -9999 -9999 -9999 -9999 -9999 -9999 -9999 -9999 -9999 -9999 -9999 -9999 -9999 -9999 -9999 -9999 -9999 -9999 -9999 -9999 -9999 -9999 -9999 -9999 -9999 -9999 -9999 -9999 -9999 -9999 -9999 -9999 -9999 -9999 -9999 -9999
320 300 275 260 246 238 237 223 212 208 202 178 179 205 227 253 287 321 344 361 358 370 360 352 356 377 407 429 435 445 452 459 462 481 -9999 -9999 -9999 -9999 -9999 -9999 -9999 -9999 -9999 -9999 -9999 -9999 -9999 -9999 -9999 -9999 -9999 -9999 -9999 -9999 -9999 -9999 -9999 -9999 -9999 -9999 -9999 -9999 -9999 -9999 -9999 -9999 -9999 -9999 -9999 -9999 -9999 -9999 -9999 -9999 -9999 -9999 -9999 -9999 -9999 -9999 -9999 -9999 -9999 -9999
315 303 289 283 271 257 244 225 209 193 178 178 202 231 259 300 315 332 360 387 404 427 415 411 423 439 462 472 467 459 463 474 483 -9999 -9999 -9999 -9999 -9999 -9999 -9999 -9999 -9999 -9999 -9999 -9999 -9999 -9999 -9999 -9999 -9999 -9999 -9999 -9999 -9999 -9999 -9999 -9999 -9999 -9999 -9999 -9999 -9999 -9999 -9999 -9999 -9999 -9999 -9999 -9999 -9999 -9999 -9999 -9999 -9999 -9999 -9999 -9999 -9999 -9999 -9999 -9999 -9999 -9999 -9999
307 303 294 284 262 239 221 202 189 178 178 200 230 260 296 327 333 361 389 424 433 469 462 458 463 474 490 495 -9999 -9999 -9999 495 -9999 -9999 -9999 -9999 -9999 -9999 -9999 -9999 -9999 -9999 -9999 -9999 -9999 -9999 -9999 -9999 -9999 -9999 -9999 -9999 -9999 -9999 -9999 -9999 -9999 -9999 -9999 -9999 -9999 -9999 -9999 -9999 -9999 -9999 -9999 -9999 -9999 -9999 -9999 -9999 -9999 -9999 -9999 -9999 -9999 -9999 -9999 -9999 -9999 -9999 -9999 -9999
266 260 259 248 232 217 208 183 178 179 197 224 256 288 325 359 354 384 424 454 455 495 474 484 488 489 -9999 -9999 -9999 -9999 -9999 -9999 -9999 -9999 -9999 -9999 -9999 -9999 -9999 -9999 -9999 -9999 -9999 -9999 -9999 -9999 -9999 -9999 -9999 -9999 -9999 -9999 -9999 -9999 -9999 -9999 -9999 -9999 -9999 -9999 -9999 -9999 -9999 -9999 -9999 -9999 -9999 -9999 -9999 -9999 -9999 -9999 -9999 -9999 -9999 -9999 -9999 -9999 -9999 -9999 -9999 -9999 -9999 -9999
251 231 220 216 207 192 187 178 184 208 227 243 273 302 343 372 384 407 447 470 485 506 504 501 -9999 -9999 -9999 -9999 -9999 -9999 -9999 -9999 -9999 -9999 -9999 -9999 -9999 -9999 -9999 -9999 -9999 -9999 -9999 -9999 -9999 -9999 -9999 -9999 -9999 -9999 -9999 -9999 -9999 -9999 -9999 -9999 -9999 -9999 -9999 -9999 -9999 -9999 -9999 -9999 -9999 -9999 -9999 -9999 -9999 -9999 -9999 -9999 -9999 -9999 -9999 -9999 -9999 -9999 -9999 -9999 -9999 -9999 -9999 -9999
237 215 198 192 186 178 178 178 197 234 255 269 290 321 367 390 420 441 467 495 513 -9999 -9999 -9999 -9999 -9999 -9999 -9999 -9999 -9999 -9999 -9999 -9999 -9999 -9999 -9999 -9999 -9999 -9999 -9999 -9999 -9999 -9999 -9999 -9999 -9999 -9999 -9999 -9999 -9999 -9999 -9999 -9999 -9999 -9999 -9999 -9999 -9999 -9999 -9999 -9999 -9999 -9999 -9999 -9999 -9999 -9999 -9999 -9999 -9999 -9999 -9999 -9999 -9999 -9999 -9999 -9999 -9999 -9999 -9999 -9999 -9999 -9999 -9999
