src/main/resources/dem.asc
ncols         218
nrows         236
xllcorner     466515.47101027
yllcorner     2626221.2241437
cellsize      90
NODATA_value  -9999
[rows 76 to 113 of 236, columns 0 to 83 of 218]
-9999 -9999 -9999 -9999 -9999 -9999 -9999 -9999 -9999 -9999 -9999 -9999 -9999 -9999 -9999 -9999 -9999 -9999 -9999 -9999 -9999 -9999 -9999 -9999 -9999 -9999 -9999 -9999 -9999 -9999 -9999 -9999 -9999 -9999 -9999 -9999 -9999 -9999 -9999 -9999 -9999 -9999 -9999 -9999 -9999 -9999 -9999 -9999 -9999 -9999 -9999 -9999 -9999 -9999 -9999 -9999 -9999 -9999 -9999 -9999 -9999 -9999 -9999 422 402 397 402 404 399 406 428 444 457 447 441 448 442 432 431 419 434 455 469 463
-9999 -9999 -9999 -9999 -9999 -9999 -9999 -9999 -9999 -9999 -9999 -9999 -9999 -9999 -9999 -9999 -9999 -9999 -9999 -9999 -9999 -9999 -9999 -9999 -9999 -9999 -9999 -9999 -9999 -9999 -9999 -9999 -9999 -9999 -9999 -9999 -9999 -9999 -9999 -9999 -9999 -9999 -9999 -9999 -9999 -9999 -9999 -9999 -9999 -9999 -9999 -9999 -9999 -9999 -9999 -9999 -9999 -9999 -9999 -9999 -9999 -9999 -9999 431 404 397 397 399 405 412 414 436 459 467 449 452 447 435 426 414 421 435 443 436
-9999 -9999 -9999 -9999 -9999 -9999 -9999 -9999 -9999 -9999 -9999 -9999 -9999 -9999 -9999 -9999 -9999 -9999 -9999 -9999 -9999 -9999 -9999 -9999 -9999 -9999 -9999 -9999 -9999 -9999 -9999 -9999 -9999 -9999 -9999 -9999 -9999 -9999 -9999 -9999 613 556 553 -9999 -9999 -9999 -9999 -9999 -9999 -9999 -9999 -9999 -9999 -9999 -9999 -9999 -9999 -9999 -9999 -9999 -9999 -9999 -9999 432 400 396 389 388 394 403 419 441 464 481 468 460 442 438 422 402 405 419 424 424
-9999 -9999 -9999 -9999 -9999 -9999 -9999 -9999 -9999 -9999 -9999 -9999 -9999 -9999 -9999 -9999 -9999 -9999 -9999 -9999 -9999 -9999 -9999 -9999 -9999 -9999 -9999 -9999 -9999 -9999 -9999 -9999 -9999 -9999 -9999 -9999 -9999 590 601 609 584 542 538 536 512 495 482 472 461 463 -9999 -9999 -9999 -9999 -9999 -9999 -9999 -9999 -9999 -9999 -9999 -9999 -9999 432 410 397 398 388 396 413 431 450 470 487 484 465 438 426 416 402 396 402 426 419
-9999 -9999 -9999 -9999 -9999 -9999 -9999 -9999 -9999 -9999 -9999 -9999 -9999 -9999 -9999 -9999 -9999 -9999 -9999 -9999 -9999 -9999 -9999 -9999 -9999 -9999 -9999 -9999 -9999 -9999 -9999 -9999 -9999 -9999 613 597 584 579 589 578 557 518 509 500 498 492 481 460 455 452 458 460 451 -9999 -9999 -9999 -9999 -9999 -9999 -9999 -9999 -9999 429 433 411 409 406 386 393 407 430 453 474 498 488 460 435 423 413 407 396 403 410 399
-9999 -9999 -9999 -9999 -9999 -9999 -9999 -9999 -9999 -9999 -9999 -9999 -9999 -9999 -9999 -9999 -9999 -9999 -9999 -9999 -9999 -9999 -9999 -9999 -9999 -9999 -9999 -9999 -9999 -9999 -9999 -9999 -9999 -9999 588 573 569 567 564 555 540 501 480 475 482 489 483 466 463 446 440 448 444 448 444 -9999 -9999 -9999 -9999 -9999 -9999 429 426 416 415 402 404 385 394 413 427 439 469 492 484 466 447 439 418 400 396 396 396 396
-9999 -9999 -9999 -9999 -9999 -9999 -9999 -9999 -9999 -9999 -9999 -9999 -9999 -9999 -9999 -9999 -9999 -9999 -9999 -9999 -9999 -9999 -9999 -9999 -9999 -9999 -9999 -9999 -9999 -9999 -9999 -9999 -9999 -9999 -9999 559 557 562 548 540 525 500 489 469 464 475 468 463 459 438 433 433 433 436 432 435 434 428 425 422 431 426 411 409 405 395 386 384 406 412 423 438 452 477 474 457 438 433 417 402 396 396 396 409
-9999 -9999 -9999 -9999 -9999 -9999 -9999 -9999 -9999 -9999 -9999 -9999 -9999 -9999 -9999 -9999 -9999 -9999 -9999 -9999 -9999 -9999 -9999 -9999 -9999 -9999 -9999 -9999 -9999 -9999 -9999 -9999 -9999 -9999 -9999 552 564 559 541 531 520 498 478 469 450 449 449 450 452 440 440 437 426 421 415 410 414 413 408 421 421 410 407 408 405 396 387 384 393 405 411 419 444 461 456 443 431 414 407 396 396 396 409 417
-9999 -9999 -9999 -9999 -9999 -9999 -9999 -9999 -9999 -9999 -9999 -9999 -9999 -9999 -9999 -9999 -9999 -9999 -9999 -9999 -9999 -9999 -9999 -9999 -9999 -9999 -9999 -9999 -9999 -9999 -9999 -9999 -9999 -9999 549 558 566 553 531 521 503 486 460 442 428 438 433 434 438 437 434 428 425 425 401 396 406 414 400 403 410 395 399 403 395 397 395 384 393 405 411 419 444 461 456 443 431 414 407 396 396 396 409 417
-9999 -9999 -9999 -9999 -9999 -9999 -9999 -9999 -9999 -9999 -9999 -9999 -9999 -9999 -9999 -9999 -9999 -9999 -9999 -9999 -9999 -9999 -9999 -9999 -9999 -9999 -9999 -9999 -9999 -9999 -9999 -9999 -9999 -9999 542 538 541 538 523 511 492 462 445 429 419 413 416 434 438 437 434 428 425 425 401 396 406 414 400 403 410 395 399 403 395 397 395 384 396 400 399 420 439 441 435 413 406 395 396 396 411 405 403 416
-9999 -9999 -9999 -9999 -9999 -9999 -9999 -9999 -9999 -9999 -9999 -9999 -9999 -9999 -9999 -9999 -9999 -9999 -9999 -9999 -9999 -9999 -9999 -9999 -9999 -9999 -9999 -9999 -9999 -9999 -9999 -9999 -9999 -9999 542 538 541 538 523 511 492 462 445 429 419 413 416 409 411 423 416 401 401 412 401 389 398 412 405 388 399 391 394 388 387 403 395 384 384 396 406 414 418 415 400 376 376 391 403 414 432 420 414 424
-9999 -9999 -9999 -9999 -9999 -9999 -9999 -9999 -9999 -9999 -9999 -9999 -9999 -9999 -9999 -9999 -9999 -9999 -9999 -9999 -9999 -9999 -9999 -9999 -9999 -9999 -9999 -9999 -9999 -9999 -9999 -9999 -9999 -9999 510 501 516 518 515 504 488 442 423 414 401 401 397 390 408 406 405 389 392 391 387 393 394 399 391 383 386 386 379 385 386 400 395 384 388 393 412 414 405 395 375 382 384 387 407 426 442 441 431 435
-9999 -9999 -9999 -9999 -9999 -9999 -9999 -9999 -9999 -9999 -9999 -9999 -9999 -9999 -9999 -9999 -9999 -9999 -9999 -9999 -9999 -9999 -9999 -9999 -9999 -9999 -9999 -9999 -9999 -9999 -9999 -9999 -9999 492 473 480 489 491 502 501 479 446 421 405 395 386 378 386 393 383 388 383 387 377 375 385 393 393 390 381 369 377 361 382 383 391 375 388 385 382 396 407 394 389 367 366 367 389 415 429 452 463 440 431
-9999 -9999 -9999 -9999 -9999 -9999 -9999 -9999 -9999 -9999 -9999 -9999 -9999 -9999 -9999 -9999 -9999 -9999 -9999 -9999 -9999 -9999 -9999 -9999 -9999 -9999 -9999 -9999 -9999 -9999 -9999 -9999 -9999 -9999 469 467 469 475 492 487 462 430 420 398 385 374 369 367 370 367 381 378 375 370 366 390 388 397 387 375 360 353 351 386 381 367 374 394 382 367 375 388 378 373 351 346 369 407 425 441 454 456 435 419
-9999 -9999 -9999 -9999 -9999 -9999 -9999 -9999 -9999 -9999 -9999 -9999 -9999 -9999 -9999 -9999 -9999 -9999 -9999 -9999 -9999 -9999 -9999 -9999 -9999 -9999 -9999 -9999 -9999 -9999 -9999 -9999 -9999 469 459 458 461 458 470 472 449 423 410 387 373 360 352 347 350 349 369 377 369 356 365 367 370 377 381 376 372 354 338 383 375 364 373 378 371 352 355 362 346 338 333 355 386 421 441 446 433 434 425 414
-9999 -9999 -9999 -9999 -9999 -9999 -9999 -9999 -9999 -9999 -9999 -9999 -9999 -9999 -9999 -9999 -9999 -9999 -9999 -9999 -9999 -9999 -9999 -9999 -9999 -9999 -9999 -9999 -9999 -9999 -9999 -9999 473 460 447 451 453 444 455 456 446 420 405 397 383 359 341 336 334 347 360 363 379 372 356 350 362 367 367 359 354 339 337 378 370 355 358 354 351 340 329 321 312 332 361 384 409 428 438 444 429 424 416 404
-9999 -9999 -9999 -9999 -9999 -9999 -9999 -9999 -9999 -9999 -9999 -9999 -9999 -9999 -9999 -9999 -9999 -9999 -9999 -9999 -9999 -9999 -9999 -9999 -9999 -9999 -9999 -9999 -9999 -9999 -9999 -9999 485 459 446 443 441 436 441 450 448 417 396 392 383 369 351 335 331 339 346 351 368 376 365 347 349 358 355 343 331 323 338 361 364 344 334 327 318 316 313 312 338 365 389 407 416 437 442 434 422 419 407 398
-9999 -9999 -9999 -9999 -9999 -9999 -9999 -9999 -9999 -9999 -9999 -9999 -9999 -9999 -9999 -9999 -9999 -9999 -9999 -9999 -9999 -9999 -9999 -9999 -9999 -9999 -9999 -9999 -9999 -9999 -9999 -9999 -9999 479 457 441 435 435 442 451 446 421 402 389 384 376 368 349 340 329 336 347 357 368 364 362 340 333 332 310 313 332 333 357 361 341 317 301 291 302 309 328 354 367 389 413 423 435 449 434 425 427 423 399
-9999 -9999 -9999 -9999 -9999 -9999 -9999 -9999 -9999 -9999 -9999 -9999 -9999 -9999 -9999 -9999 -9999 -9999 -9999 -9999 -9999 -9999 -9999 -9999 -9999 -9999 -9999 -9999 -9999 -9999 -9999 -9999 -9999 -9999 455 448 438 435 436 446 415 402 398 403 392 371 367 360 350 338 329 329 339 352 364 368 346 320 298 299 312 316 325 351 357 341 317 291 302 327 338 350 363 373 387 410 420 421 447 436 440 441 428 406
-9999 -9999 -9999 -9999 -9999 -9999 -9999 -9999 -9999 -9999 -9999 -9999 -9999 -9999 -9999 -9999 -9999 -9999 -9999 -9999 -9999 -9999 -9999 -9999 -9999 -9999 -9999 -9999 -9999 -9999 -9999 -9999 -9999 -9999 462 457 448 435 435 436 422 413 405 419 398 370 365 351 352 348 336 329 329 333 351 364 349 327 302 289 273 280 270 313 340 316 302 291 325 348 357 361 367 376 384 402 411 411 426 442 436 436 414 396
-9999 -9999 -9999 -9999 -9999 -9999 -9999 -9999 -9999 -9999 -9999 -9999 -9999 -9999 -9999 -9999 -9999 -9999 -9999 -9999 -9999 -9999 -9999 -9999 -9999 -9999 -9999 -9999 -9999 -9999 -9999 -9999 -9999 -9999 -9999 460 454 437 422 421 424 417 418 420 416 382 367 362 356 361 341 329 329 329 323 332 318 324 317 298 269 247 259 285 315 294 279 295 338 340 350 363 371 385 385 398 401 398 412 426 432 413 396 405
-9999 -9999 -9999 -9999 -9999 -9999 -9999 -9999 -9999 -9999 -9999 -9999 -9999 -9999 -9999 -9999 -9999 -9999 -9999 -9999 -9999 -9999 -9999 -9999 -9999 -9999 -9999 -9999 -9999 -9999 -9999 -9999 -9999 -9999 -9999 462 460 450 437 425 405 409 424 418 418 392 380 375 364 351 329 333 349 358 339 320 298 294 301 295 276 250 246 266 285 277 281 312 334 328 355 375 380 381 391 401 402 389 389 410 412 397 396 421
-9999 -9999 -9999 -9999 -9999 -9999 -9999 -9999 -9999 -9999 -9999 -9999 -9999 -9999 -9999 -9999 -9999 -9999 -9999 -9999 -9999 -9999 -9999 -9999 -9999 -9999 -9999 -9999 -9999 -9999 -9999 -9999 -9999 -9999 -9999 475 467 459 443 437 405 405 408 406 410 413 397 381 370 341 333 356 360 374 363 336 301 285 286 290 284 260 256 246 253 257 286 320 312 330 354 381 377 378 391 399 398 393 385 385 384 384 405 427
-9999 -9999 -9999 -9999 -9999 -9999 -9999 -9999 -9999 -9999 -9999 -9999 -9999 -9999 -9999 -9999 -9999 -9999 -9999 -9999 -9999 -9999 -9999 -9999 -9999 -9999 -9999 -9999 -9999 -9999 -9999 -9999 -9999 -9999 -9999 485 475 471 465 434 408 408 405 402 405 400 391 385 362 347 355 367 379 377 356 338 327 304 283 277 268 263 262 242 223 219 278 307 314 346 360 383 387 390 397 395 401 395 383 369 378 388 404 418
-9999 -9999 -9999 -9999 -9999 -9999 -9999 -9999 -9999 -9999 -9999 -9999 -9999 -9999 -9999 -9999 -9999 -9999 -9999 -9999 -9999 -9999 -9999 -9999 -9999 -9999 -9999 -9999 -9999 -9999 -9999 -9999 -9999 -9999 -9999 502 492 488 472 468 441 426 406 400 400 410 407 397 391 378 393 390 387 381 375 369 351 327 308 299 301 288 252 210 210 230 278 303 322 337 341 357 374 387 403 409 386 381 368 368 381 399 401 405
-9999 -9999 -9999 -9999 -9999 -9999 -9999 -9999 -9999 -9999 -9999 -9999 -9999 -9999 -9999 -9999 -9999 -9999 -9999 -9999 -9999 -9999 -9999 -9999 -9999 -9999 -9999 -9999 -9999 -9999 -9999 -9999 -9999 -9999 526 512 507 496 480 469 440 419 403 400 407 422 422 410 401 396 396 393 380 383 384 374 347 326 300 292 290 284 257 212 210 238 271 293 313 330 347 364 384 392 392 406 387 368 370 380 386 407 414 418
-9999 -9999 -9999 -9999 -9999 -9999 -9999 -9999 -9999 -9999 -9999 -9999 -9999 -9999 -9999 -9999 -9999 -9999 -9999 -9999 -9999 -9999 -9999 -9999 -9999 -9999 -9999 -9999 -9999 -9999 -9999 -9999 -9999 532 512 502 500 480 469 451 429 426 412 404 417 431 428 410 417 405 386 383 380 382 387 371 346 326 307 277 265 255 242 231 210 228 254 281 306 333 350 362 377 381 383 401 374 368 384 392 399 410 412 409
-9999 -9999 -9999 -9999 -9999 -9999 -9999 -9999 -9999 -9999 -9999 -9999 -9999 -9999 -9999 -9999 -9999 -9999 -9999 -9999 -9999 -9999 -9999 -9999 -9999 -9999 -9999 -9999 -9999 -9999 -9999 -9999 -9999 519 492 482 477 473 457 437 430 429 414 410 417 423 416 422 423 405 390 380 380 388 384 360 338 313 292 277 275 262 231 212 210 211 238 281 305 320 346 363 376 373 370 370 357 374 393 406 413 405 384 386
-9999 -9999 -9999 -9999 -9999 -9999 -9999 -9999 -9999 -9999 -9999 -9999 -9999 -9999 -9999 -9999 -9999 -9999 -9999 -9999 -9999 -9999 -9999 -9999 -9999 -9999 -9999 -9999 -9999 -9999 -9999 -9999 -9999 505 486 472 467 450 443 445 438 435 430 428 433 431 424 424 419 414 390 385 380 388 382 362 324 308 297 297 282 249 229 232 215 210 225 267 297 312 333 362 369 358 357 357 364 390 401 411 395 377 371 381
-9999 -9999 -9999 -9999 -9999 -9999 -9999 -9999 -9999 -9999 -9999 -9999 -9999 -9999 -9999 -9999 -9999 -9999 -9999 -9999 -9999 -9999 -9999 -9999 -9999 -9999 -9999 -9999 -9999 -9999 -9999 -9999 500 491 481 463 454 452 455 458 444 445 444 445 443 442 433 412 403 407 392 379 378 390 378 357 347 330 310 289 262 244 251 253 229 210 214 253 296 296 301 339 357 353 371 393 403 412 409 400 384 370 369 384
-9999 -9999 -9999 -9999 -9999 -9999 -9999 -9999 -9999 -9999 -9999 -9999 -9999 -9999 -9999 -9999 -9999 -9999 -9999 -9999 -9999 -9999 -9999 -9999 -9999 -9999 -9999 -9999 -9999 -9999 -9999 -9999 501 476 468 455 452 462 466 471 455 461 456 451 456 458 440 417 401 394 389 375 376 385 373 364 361 342 318 295 270 272 280 275 247 210 210 239 277 269 291 325 332 342 368 397 407 405 396 386 370 359 384 404
-9999 -9999 -9999 -9999 -9999 -9999 -9999 -9999 -9999 -9999 -9999 -9999 -9999 -9999 -9999 -9999 -9999 -9999 -9999 -9999 -9999 -9999 -9999 -9999 -9999 -9999 -9999 -9999 -9999 -9999 -9999 -9999 500 484 473 461 464 470 487 485 469 470 485 480 472 463 445 417 413 396 382 376 373 373 376 374 368 354 341 318 287 284 294 267 235 214 210 242 250 264 302 329 329 346 368 385 386 383 385 374 355 367 388 400
-9999 -9999 -9999 -9999 -9999 -9999 -9999 -9999 -9999 -9999 -9999 -9999 -9999 -9999 -9999 -9999 -9999 -9999 -9999 -9999 -9999 -9999 -9999 -9999 -9999 -9999 -9999 -9999 -9999 -9999 -9999 -9999 496 483 470 469 478 481 485 481 481 476 494 498 490 471 450 428 409 399 388 373 373 378 386 384 376 361 353 328 300 314 285 259 242 214 199 211 246 275 298 311 334 350 362 377 389 373 385 374 355 367 388 400
-9999 -9999 -9999 -9999 -9999 -9999 -9999 -9999 -9999 -9999 -9999 -9999 -9999 -9999 -9999 -9999 -9999 -9999 -9999 -9999 -9999 -9999 -9999 -9999 -9999 -9999 -9999 -9999 -9999 -9999 -9999 -9999 504 488 485 485 484 472 466 460 455 471 501 494 486 467 452 439 413 394 373 373 377 385 388 373 383 361 353 328 300 314 285 259 242 214 199 211 246 275 298 311 334 350 362 377 389 373 369 364 354 377 388 393
-9999 -9999 -9999 -9999 -9999 -9999 -9999 -9999 -9999 -9999 -9999 -9999 -9999 -9999 -9999 -9999 -9999 -9999 -9999 -9999 -9999 -9999 -9999 -9999 -9999 -9999 -9999 -9999 -9999 -9999 -9999 -9999 503 480 483 477 484 472 466 460 455 471 501 494 486 467 452 439 413 394 373 373 377 385 388 373 383 372 358 324 321 330 304 296 251 208 199 212 238 267 293 309 327 338 351 373 376 357 342 339 351 368 390 389
-9999 -9999 -9999 -9999 -9999 -9999 -9999 -9999 -9999 -9999 -9999 -9999 -9999 -9999 -9999 -9999 -9999 -9999 -9999 -9999 -9999 -9999 -9999 -9999 -9999 -9999 -9999 -9999 -9999 -9999 -9999 511 503 480 483 477 462 452 448 439 436 467 482 469 467 452 452 437 412 395 384 377 383 378 378 373 384 383 359 349 349 349 318 291 250 223 199 211 235 274 289 302 321 336 361 377 371 349 333 353 365 372 384 383
-9999 -9999 -9999 -9999 -9999 -9999 -9999 -9999 -9999 -9999 -9999 -9999 -9999 -9999 -9999 -9999 -9999 -9999 -9999 -9999 -9999 -9999 -9999 -9999 -9999 -9999 -9999 -9999 -9999 -9999 495 497 492 465 469 464 449 440 437 431 427 450 467 460 459 468 467 449 424 405 391 381 371 368 373 379 386 378 380 372 365 347 312 290 265 223 199 210 241 267 284 306 329 341 357 362 361 333 337 374 385 381 372 371
-9999 -9999 -9999 -9999 -9999 -9999 -9999 -9999 -9999 -9999 -9999 -9999 -9999 -9999 -9999 -9999 -9999 -9999 -9999 -9999 -9999 -9999 -9999 -9999 -9999 -9999 -9999 -9999 -9999 -9999 492 484 487 468 463 468 460 446 452 448 421 442 467 472 475 472 451 434 416 400 385 384 376 368 370 366 370 365 375 382 367 342 278 263 231 202 199 211 236 248 270 299 328 348 351 331 324 329 360 380 378 372 363 356
