src/main/resources/dem.asc
ncols         218
nrows         236
xllcorner     466515.47101027
yllcorner     2626221.2241437
cellsize      90
NODATA_value  -9999
[rows 114 to 151 of 236, columns 0 to 83 of 218]
-9999 -9999 -9999 -9999 -9999 -9999 -9999 -9999 -9999 -9999 -9999 -9999 -9999 -9999 -9999 -9999 -9999 -9999 -9999 -9999 -9999 -9999 -9999 -9999 -9999 -9999 -9999 -9999 -9999 490 476 474 476 464 462 468 472 467 464 441 418 430 452 479 478 468 449 436 429 411 406 404 382 368 362 354 351 354 370 372 361 347 278 246 228 200 199 213 235 252 279 301 326 338 333 309 319 349 375 376 370 370 357 349
-9999 -9999 -9999 -9999 -9999 -9999 -9999 -9999 -9999 -9999 -9999 -9999 -9999 -9999 -9999 -9999 -9999 -9999 -9999 -9999 -9999 -9999 -9999 -9999 -9999 -9999 -9999 -9999 487 473 467 477 463 459 453 461 467 471 470 434 418 422 447 479 470 463 462 451 431 429 436 426 399 386 373 357 348 341 346 341 346 331 273 250 216 204 199 200 220 242 261 283 304 308 309 310 332 359 362 344 338 355 353 353
-9999 -9999 -9999 -9999 -9999 -9999 -9999 -9999 -9999 -9999 -9999 -9999 -9999 -9999 -9999 -9999 -9999 -9999 -9999 -9999 -9999 -9999 -9999 -9999 -9999 -9999 -9999 -9999 466 460 471 463 452 452 446 442 455 466 454 418 418 420 436 469 470 456 456 450 447 448 453 440 406 385 366 353 344 332 323 327 343 323 280 245 228 226 216 192 214 233 252 261 277 284 304 325 345 350 322 302 314 346 360 365
-9999 -9999 -9999 -9999 -9999 -9999 -9999 -9999 -9999 -9999 -9999 -9999 -9999 -9999 -9999 -9999 -9999 -9999 -9999 -9999 -9999 -9999 -9999 -9999 -9999 -9999 -9999 -9999 458 468 459 448 448 446 439 438 446 447 439 418 418 426 437 470 468 461 456 447 457 467 472 448 404 378 362 347 340 341 319 301 302 299 277 250 228 221 199 192 214 227 242 248 252 271 302 326 330 305 278 291 315 342 364 358
-9999 -9999 -9999 -9999 -9999 -9999 -9999 -9999 -9999 -9999 -9999 -9999 -9999 -9999 -9999 -9999 -9999 -9999 -9999 -9999 -9999 -9999 -9999 -9999 -9999 -9999 -9999 447 458 463 458 452 433 440 435 431 426 422 421 418 431 443 450 458 451 439 434 425 442 464 468 450 407 388 374 352 353 348 337 300 268 271 264 247 232 214 183 186 208 227 232 230 259 282 296 298 287 271 271 299 327 356 374 368
-9999 -9999 -9999 -9999 -9999 -9999 -9999 -9999 -9999 -9999 -9999 -9999 -9999 -9999 -9999 -9999 -9999 -9999 -9999 -9999 -9999 -9999 -9999 -9999 -9999 -9999 -9999 445 439 449 442 444 433 442 442 435 419 404 400 428 445 447 442 432 423 423 420 410 420 434 453 449 423 397 392 373 363 361 345 313 287 268 244 239 219 203 178 181 199 205 208 225 246 258 266 262 253 246 273 294 326 363 393 392
-9999 -9999 -9999 -9999 -9999 -9999 -9999 -9999 -9999 -9999 -9999 -9999 -9999 -9999 -9999 -9999 -9999 -9999 -9999 -9999 -9999 -9999 -9999 -9999 -9999 -9999 -9999 454 433 431 434 440 431 424 430 435 414 395 402 436 439 433 422 406 402 415 405 391 392 409 434 452 444 423 404 396 384 379 358 324 286 255 221 219 219 199 178 178 178 188 200 213 229 243 239 231 233 258 289 314 344 380 411 404
-9999 -9999 -9999 -9999 -9999 -9999 -9999 -9999 -9999 -9999 -9999 -9999 -9999 -9999 -9999 -9999 -9999 -9999 -9999 -9999 -9999 -9999 -9999 -9999 -9999 -9999 471 456 433 422 418 428 426 410 416 412 392 401 416 420 423 418 399 389 404 416 407 390 382 401 422 444 448 439 422 399 385 385 359 322 282 252 231 206 202 193 179 178 178 185 198 214 222 218 209 213 228 265 295 332 370 410 423 410
-9999 -9999 -9999 -9999 -9999 -9999 -9999 -9999 -9999 -9999 -9999 -9999 -9999 -9999 -9999 -9999 -9999 -9999 -9999 -9999 -9999 -9999 -9999 -9999 -9999 -9999 -9999 457 450 432 410 415 426 411 403 392 392 392 387 386 398 383 374 392 400 400 388 372 382 397 395 411 434 431 417 399 373 362 346 314 278 252 214 200 195 196 184 178 178 181 185 191 197 197 207 234 260 283 314 345 379 420 428 416
-9999 -9999 -9999 -9999 -9999 -9999 -9999 -9999 -9999 -9999 -9999 -9999 -9999 -9999 -9999 -9999 -9999 -9999 -9999 -9999 -9999 -9999 -9999 -9999 -9999 -9999 -9999 463 451 432 414 408 412 413 395 394 410 400 391 372 365 364 372 379 384 381 358 359 385 386 369 379 397 391 387 373 365 352 326 304 274 240 198 193 186 185 178 178 178 178 178 190 194 202 215 239 269 309 340 359 386 411 425 412
-9999 -9999 -9999 -9999 -9999 -9999 -9999 -9999 -9999 -9999 -9999 -9999 -9999 -9999 -9999 -9999 -9999 -9999 -9999 -9999 -9999 -9999 -9999 -9999 -9999 -9999 486 470 455 430 419 412 399 397 394 405 416 401 391 365 352 349 346 354 362 357 342 356 382 364 353 358 370 365 351 327 324 322 293 273 262 241 204 193 185 178 178 178 178 181 184 190 193 200 217 245 279 307 328 363 388 418 426 408
-9999 -9999 -9999 -9999 -9999 -9999 -9999 -9999 -9999 -9999 -9999 -9999 -9999 -9999 -9999 -9999 -9999 -9999 -9999 -9999 -9999 -9999 -9999 -9999 -9999 492 484 474 449 429 420 411 414 396 398 405 404 389 376 360 362 351 333 329 326 323 320 344 359 348 334 334 345 347 321 298 300 294 271 251 229 226 218 205 203 182 178 178 181 193 192 195 210 217 224 257 280 290 328 358 379 385 399 394
-9999 -9999 -9999 -9999 -9999 -9999 -9999 -9999 -9999 -9999 -9999 -9999 -9999 -9999 -9999 -9999 -9999 -9999 -9999 -9999 -9999 -9999 -9999 -9999 495 475 462 461 437 417 409 403 401 406 411 414 421 409 390 374 386 384 371 365 356 336 320 326 337 337 328 315 336 328 299 287 279 274 267 255 233 212 215 206 199 186 178 178 180 196 201 209 232 243 250 256 254 273 326 363 373 361 383 391
-9999 -9999 -9999 -9999 -9999 -9999 -9999 -9999 -9999 -9999 -9999 -9999 -9999 -9999 -9999 -9999 -9999 -9999 -9999 -9999 -9999 -9999 -9999 -9999 479 465 461 451 431 410 411 401 408 422 426 429 419 406 381 393 407 406 401 393 363 341 317 307 324 321 313 320 330 302 273 271 259 253 258 256 240 202 197 189 185 179 178 178 180 205 225 227 228 228 241 242 240 266 317 369 374 361 374 377
-9999 -9999 -9999 -9999 -9999 -9999 -9999 -9999 -9999 -9999 -9999 -9999 -9999 -9999 -9999 -9999 -9999 -9999 -9999 -9999 -9999 -9999 -9999 -9999 482 466 460 447 433 417 401 409 413 433 425 413 411 391 387 413 421 424 404 378 358 329 310 303 304 311 316 312 297 286 276 253 255 235 235 250 243 209 206 210 198 181 178 178 188 216 241 223 208 214 229 222 238 258 313 363 371 357 365 367
-9999 -9999 -9999 -9999 -9999 -9999 -9999 -9999 -9999 -9999 -9999 -9999 -9999 -9999 -9999 -9999 -9999 -9999 -9999 -9999 -9999 -9999 -9999 -9999 480 453 454 453 426 405 405 420 420 438 416 395 391 391 407 427 431 409 388 363 333 303 294 295 302 320 324 301 273 260 267 242 239 240 231 238 229 220 214 216 193 189 178 178 183 200 229 225 202 199 214 220 238 264 309 350 368 352 353 355
-9999 -9999 -9999 -9999 -9999 -9999 -9999 -9999 -9999 -9999 -9999 -9999 -9999 -9999 -9999 -9999 -9999 -9999 -9999 -9999 -9999 -9999 -9999 -9999 474 452 448 434 413 409 412 427 429 433 407 391 395 416 423 416 403 383 361 339 306 285 298 313 326 325 304 286 264 245 237 229 227 233 231 228 233 237 229 209 209 207 185 178 178 189 211 200 187 196 233 254 252 275 318 339 341 341 353 374
-9999 -9999 -9999 -9999 -9999 -9999 -9999 -9999 -9999 -9999 -9999 -9999 -9999 -9999 -9999 -9999 -9999 -9999 -9999 -9999 -9999 -9999 -9999 -9999 458 441 424 417 422 427 428 437 445 425 415 409 416 425 420 380 378 368 340 309 285 299 315 307 313 303 293 277 256 254 236 244 235 227 221 222 224 229 239 231 227 213 201 197 180 178 190 184 184 201 228 260 273 293 313 305 294 316 337 362
-9999 -9999 -9999 -9999 -9999 -9999 -9999 -9999 -9999 -9999 -9999 -9999 -9999 -9999 -9999 -9999 -9999 -9999 -9999 -9999 -9999 -9999 -9999 -9999 442 422 422 434 445 448 442 448 454 435 439 439 432 421 407 359 356 345 314 286 284 291 300 293 294 280 279 277 268 266 252 250 239 228 211 217 214 221 233 232 225 211 204 191 191 178 178 195 194 204 228 251 278 295 283 265 277 295 316 355
-9999 -9999 -9999 -9999 -9999 -9999 -9999 -9999 -9999 -9999 -9999 -9999 -9999 -9999 -9999 -9999 -9999 -9999 -9999 -9999 -9999 -9999 -9999 -9999 424 429 445 458 463 462 455 462 467 454 452 427 415 407 393 355 334 320 296 295 280 273 273 286 278 279 298 294 290 282 270 261 254 241 215 211 207 234 237 236 238 223 211 207 193 178 178 193 204 204 227 253 287 285 254 258 266 291 321 369
-9999 -9999 -9999 -9999 -9999 -9999 -9999 -9999 -9999 -9999 -9999 -9999 -9999 -9999 -9999 -9999 -9999 -9999 -9999 -9999 -9999 -9999 -9999 -9999 -9999 454 469 473 -9999 -9999 -9999 -9999 -9999 476 460 429 411 388 360 348 321 308 316 312 288 273 273 273 273 298 309 304 309 300 281 256 242 219 213 207 219 227 235 235 242 234 211 207 193 178 178 193 204 204 227 253 287 285 254 258 266 291 321 369
-9999 -9999 -9999 -9999 -9999 -9999 -9999 -9999 -9999 -9999 -9999 -9999 -9999 -9999 -9999 -9999 -9999 -9999 -9999 -9999 -9999 -9999 -9999 -9999 -9999 -9999 479 -9999 -9999 -9999 -9999 -9999 -9999 -9999 451 425 408 377 347 329 310 324 327 300 285 273 273 273 273 298 309 304 309 300 281 256 242 219 213 207 219 227 235 235 242 234 220 201 184 178 178 182 194 201 228 255 274 266 250 251 265 301 344 387
-9999 -9999 -9999 -9999 -9999 -9999 -9999 -9999 -9999 -9999 -9999 -9999 -9999 -9999 -9999 -9999 -9999 -9999 -9999 -9999 -9999 -9999 -9999 -9999 -9999 -9999 -9999 -9999 -9999 -9999 -9999 -9999 -9999 -9999 451 425 408 377 347 329 310 324 327 300 285 287 282 273 275 290 290 300 298 293 270 243 236 218 206 217 217 220 231 249 244 247 229 204 184 178 178 181 203 216 234 250 260 250 252 266 284 318 339 382
-9999 -9999 -9999 -9999 -9999 -9999 -9999 -9999 -9999 -9999 -9999 -9999 -9999 -9999 -9999 -9999 -9999 -9999 -9999 -9999 -9999 -9999 -9999 -9999 -9999 -9999 -9999 -9999 -9999 -9999 -9999 -9999 -9999 -9999 440 415 392 368 328 323 338 349 322 306 315 317 295 273 273 273 277 287 296 275 259 251 240 228 208 206 205 233 248 255 246 242 213 192 178 178 183 203 202 204 223 229 235 228 244 262 287 297 342 387
-9999 -9999 -9999 -9999 -9999 -9999 -9999 -9999 -9999 -9999 -9999 -9999 -9999 -9999 -9999 -9999 -9999 -9999 -9999 -9999 -9999 -9999 -9999 -9999 -9999 -9999 -9999 -9999 -9999 -9999 -9999 -9999 -9999 -9999 433 400 377 361 326 339 357 352 334 334 343 323 297 289 287 273 261 269 289 280 253 231 219 230 203 196 212 235 253 258 256 247 219 210 196 178 184 188 195 214 222 215 211 230 252 265 269 288 317 386
-9999 -9999 -9999 -9999 -9999 -9999 -9999 -9999 -9999 -9999 -9999 -9999 -9999 -9999 -9999 -9999 -9999 -9999 -9999 -9999 -9999 -9999 -9999 -9999 -9999 -9999 -9999 -9999 -9999 -9999 -9999 -9999 -9999 -9999 419 385 362 342 347 346 361 362 352 351 350 316 302 285 275 273 257 274 292 266 239 223 214 210 196 202 226 242 251 252 256 248 230 211 182 178 178 178 182 194 195 202 226 252 275 297 304 306 343 430
-9999 -9999 -9999 -9999 -9999 -9999 -9999 -9999 -9999 -9999 -9999 -9999 -9999 -9999 -9999 -9999 -9999 -9999 -9999 -9999 -9999 -9999 -9999 -9999 -9999 -9999 -9999 -9999 -9999 -9999 -9999 -9999 -9999 -9999 398 374 347 342 350 356 375 383 370 357 320 287 274 257 249 253 264 285 281 254 237 221 200 196 202 213 230 219 238 246 249 249 225 208 181 178 178 178 179 193 212 230 251 264 282 316 350 338 361 435
-9999 -9999 -9999 -9999 -9999 -9999 -9999 -9999 -9999 -9999 -9999 -9999 -9999 -9999 -9999 -9999 -9999 -9999 -9999 -9999 -9999 -9999 -9999 -9999 -9999 -9999 -9999 -9999 -9999 -9999 -9999 -9999 -9999 -9999 388 365 351 350 372 374 386 382 375 368 325 278 248 220 221 239 258 272 277 257 226 208 206 196 196 205 218 197 215 238 239 246 228 209 193 178 178 178 185 204 220 239 263 297 322 355 377 369 388 424
-9999 -9999 -9999 -9999 -9999 -9999 -9999 -9999 -9999 -9999 -9999 -9999 -9999 -9999 -9999 -9999 -9999 -9999 -9999 -9999 -9999 -9999 -9999 -9999 -9999 -9999 -9999 -9999 -9999 -9999 -9999 -9999 -9999 -9999 -9999 372 371 380 393 381 371 363 359 356 321 280 254 227 215 223 235 256 259 238 206 194 193 191 183 194 205 197 210 217 218 231 230 203 187 178 178 178 187 205 223 236 263 310 345 376 396 395 402 413
-9999 -9999 -9999 -9999 -9999 -9999 -9999 -9999 -9999 -9999 -9999 -9999 -9999 -9999 -9999 -9999 -9999 -9999 -9999 -9999 -9999 -9999 -9999 -9999 -9999 -9999 -9999 -9999 -9999 -9999 -9999 -9999 -9999 -9999 -9999 -9999 407 406 374 356 347 343 337 330 309 275 257 239 229 212 212 211 227 219 193 180 180 178 178 184 183 179 186 189 197 209 209 191 178 178 178 178 197 230 253 271 293 317 346 377 400 421 409 381
-9999 -9999 -9999 -9999 -9999 -9999 -9999 -9999 -9999 -9999 -9999 -9999 -9999 -9999 -9999 -9999 -9999 -9999 -9999 -9999 -9999 -9999 -9999 -9999 -9999 -9999 -9999 -9999 -9999 -9999 -9999 -9999 -9999 -9999 -9999 -9999 -9999 410 374 344 326 318 305 300 288 271 252 231 214 219 216 198 198 185 183 193 194 178 178 178 178 178 179 184 190 210 209 203 178 178 178 194 219 251 267 292 318 335 346 357 393 415 395 351
-9999 -9999 -9999 -9999 -9999 -9999 -9999 -9999 -9999 -9999 -9999 -9999 -9999 -9999 -9999 -9999 -9999 -9999 -9999 -9999 -9999 -9999 -9999 -9999 -9999 -9999 -9999 -9999 -9999 -9999 -9999 -9999 -9999 -9999 -9999 -9999 -9999 395 362 346 320 293 281 272 267 243 229 220 233 255 248 226 206 204 213 209 207 192 184 178 178 178 178 187 204 209 187 185 178 178 178 194 214 243 270 300 327 350 363 378 397 386 381 346
-9999 -9999 -9999 -9999 -9999 -9999 -9999 -9999 -9999 -9999 -9999 -9999 -9999 -9999 -9999 -9999 -9999 -9999 -9999 -9999 -9999 -9999 -9999 -9999 -9999 -9999 -9999 -9999 -9999 -9999 -9999 -9999 -9999 -9999 -9999 -9999 -9999 389 357 335 325 313 288 256 242 227 227 243 263 279 277 249 241 238 237 222 202 189 185 190 196 178 178 192 200 204 190 178 178 178 183 208 226 243 268 302 338 363 369 373 374 358 359 345
-9999 -9999 -9999 -9999 -9999 -9999 -9999 -9999 -9999 -9999 -9999 -9999 -9999 -9999 -9999 -9999 -9999 -9999 -9999 -9999 -9999 -9999 -9999 -9999 -9999 -9999 -9999 -9999 -9999 -9999 -9999 -9999 -9999 -9999 -9999 -9999 -9999 401 367 355 334 308 283 248 227 229 245 260 283 301 289 269 248 236 217 203 198 197 204 211 186 178 178 178 178 178 178 178 178 183 196 211 230 247 274 313 344 355 343 343 342 331 322 326
-9999 -9999 -9999 -9999 -9999 -9999 -9999 -9999 -9999 -9999 -9999 -9999 -9999 -9999 -9999 -9999 -9999 -9999 -9999 -9999 -9999 -9999 -9999 -9999 -9999 -9999 -9999 -9999 -9999 -9999 -9999 -9999 -9999 -9999 -9999 -9999 -9999 419 378 354 316 291 262 250 241 245 256 274 295 297 269 245 233 223 212 214 211 207 216 224 178 178 178 178 178 178 178 178 178 196 218 223 225 246 282 307 325 324 311 312 311 300 311 319
-9999 -9999 -9999 -9999 -9999 -9999 -9999 -9999 -9999 -9999 -9999 -9999 -9999 -9999 -9999 -9999 -9999 -9999 -9999 -9999 -9999 -9999 -9999 -9999 -9999 -9999 -9999 -9999 -9999 -9999 -9999 -9999 -9999 -9999 -9999 -9999 -9999 418 377 347 313 285 268 276 270 271 284 303 313 290 279 272 269 260 241 235 235 236 233 224 182 178 178 178 178 178 178 178 178 200 223 228 241 263 292 291 275 279 275 279 280 294 307 284
-9999 -9999 -9999 -9999 -9999 -9999 -9999 -9999 -9999 -9999 -9999 -9999 -9999 -9999 -9999 -9999 -9999 -9999 -9999 -9999 -9999 -9999 -9999 -9999 -9999 -9999 -9999 -9999 -9999 -9999 -9999 -9999 -9999 -9999 -9999 -9999 -9999 396 366 344 312 290 295 304 303 308 323 343 341 322 313 309 295 278 246 230 232 236 223 225 191 178 178 183 199 201 204 196 204 217 227 237 246 263 269 250 248 243 250 266 290 306 303 260
-9999 -9999 -9999 -9999 -9999 -9999 -9999 -9999 -9999 -9999 -9999 -9999 -9999 -9999 -9999 -9999 -9999 -9999 -9999 -9999 -9999 -9999 -9999 -9999 -9999 -9999 -9999 -9999 -9999 -9999 -9999 -9999 -9999 -9999 -9999 -9999 -9999 -9999 371 355 333 323 329 329 328 330 350 369 368 332 312 308 284 264 236 215 210 221 210 207 208 179 178 186 204 212 220 218 230 232 225 225 225 243 252 233 226 237 264 290 306 296 275 249
