src/main/results/Aspect.asc
ncols    218
nrows    236
xllcorner    466515.47101027
yllcorner    2626221.2241437
cellsize    90.0
NODATA_value    -9999
[rows 115 to 137 of 236, columns 104 to 155 of 218]
221.72951207681646 150.30334746230093 130.63474226497206 147.31306345898946 140.64054943215683 30.06858282186245 334.2774730836624 1.01099705233041 21.00968403415996 16.798371781305292 41.009086901570214 60.832386620422206 252.25532837494308 230.79279649503218 169.2157021324374 138.5322945838909 276.1155035662854 273.44221528589736 273.4533162505311 304.54836705601133 325.32095436249773 322.0379407631847 296.2666383570831 202.79652146794263 222.94896158290913 227.29061004263855 218.3513548167311 236.4184470781991 233.58362148011395 221.76029970389789 203.23764693535145 186.63729523920023 45.87596329442909 63.6045676909077 -9999.0 -9999.0 -9999.0 -9999.0 -9999.0 -9999.0 -9999.0 -9999.0 -9999.0 -9999.0 -9999.0 -9999.0 -9999.0 -9999.0 -9999.0 -9999.0 -9999.0 -9999.0
220.14339606605682 166.06516488549863 143.05441444638177 137.12109639666144 30.7354877019201 334.3443292721212 328.518382816912 355.8295634751579 13.561052400717244 20.18580300946485 38.61440748743293 52.07353767496137 236.30993247402023 199.70797884297872 153.97040780848653 187.1250163489018 294.8094083754595 301.6306614121312 303.95905981967627 304.54009090707086 291.9384804677065 230.84456587738688 159.9660768355371 174.28940686250036 233.67816888524075 232.29694615397517 208.2497354949743 222.08916217383225 218.35848086198845 205.68814343564733 188.2407118297079 184.72630329294043 197.42543604030564 90.04926431379224 -9999.0 -9999.0 -9999.0 -9999.0 -9999.0 -9999.0 -9999.0 -9999.0 -9999.0 -9999.0 -9999.0 -9999.0 -9999.0 -9999.0 -9999.0 -9999.0 -9999.0 -9999.0
181.070824454787 150.6193921387108 129.66784111834045 342.68106156848523 336.54097591853844 321.88642733143195 306.3044971225752 353.60950468535304 8.746162262555202 16.374837799198872 51.09586154459582 62.500861268952846 31.607502246248906 22.217594269518315 51.00900595749452 241.14433878028348 249.77514056883192 250.2920211570213 247.1001334715344 220.67493956526152 191.98896177213788 176.17533249074935 167.14190982700183 196.00567549942204 236.01580887943578 218.6598082540901 210.03646035493477 208.85964756768988 199.88954720023412 198.5774753436486 208.27718695634724 281.888658039628 317.8878436347613 89.74828433206159 -9999.0 -9999.0 -9999.0 -9999.0 -9999.0 -9999.0 -9999.0 -9999.0 -9999.0 -9999.0 -9999.0 -9999.0 -9999.0 -9999.0 -9999.0 -9999.0 -9999.0 -9999.0
93.09405805891711 11.768288932020639 321.41084002023246 325.40771131249005 344.2023685155467 353.6207518323869 310.76360520094113 311.9872124958166 351.3986151412851 42.51044707800085 62.02632008758354 46.8840502310918 9.200400469070345 10.86405992208772 73.57781250168472 153.43494882292202 214.56978003437084 225.2357837698766 213.14699583225598 185.25641494144526 177.13759477388825 172.75273110651233 176.13179596167828 220.89188782286413 232.107774164796 212.4382257930405 209.6667152069465 210.17352002964432 211.90810693565317 252.49552727315637 297.50767547488954 312.2951240142644 323.5152284740604 89.66036229034154 -9999.0 -9999.0 -9999.0 -9999.0 -9999.0 -9999.0 -9999.0 -9999.0 -9999.0 -9999.0 -9999.0 -9999.0 -9999.0 -9999.0 -9999.0 -9999.0 -9999.0 -9999.0
5.403791360249713 349.30778784471596 324.5989030685418 320.13255443987293 337.3996035457781 6.366176224633236 358.3939970107177 328.31763397294935 341.34211152588045 51.72688404900132 56.309932474020215 43.9430022232151 25.72561264336568 52.69605172201658 69.59725415912285 66.80140948635182 227.79270236571327 218.71310663826353 192.87500155961249 174.54844890128726 173.09644608027497 171.91373526507346 189.97771262015058 249.50494015335488 237.91781284393397 226.5363001288838 257.626045371946 285.25511870305775 302.14588263101103 305.0737544933483 305.2542130447051 308.5504652961577 88.49895121270838 89.71738894710612 -9999.0 -9999.0 -9999.0 -9999.0 -9999.0 -9999.0 -9999.0 -9999.0 -9999.0 -9999.0 -9999.0 -9999.0 -9999.0 -9999.0 -9999.0 -9999.0 -9999.0 -9999.0
16.470428439608597 348.1868552998628 316.77880031567383 316.2338721670001 335.9188249610783 4.356975005846294 10.747726098372041 4.645078425891612 0.651060380229481 55.539183728628224 55.19932949871251 30.83294447736879 21.47136832391459 34.6583547055211 46.8585029996111 51.84277341263094 51.581944655178006 207.89727103094765 190.42852847743808 171.36286858492923 65.32313682966294 8.841814560191665 284.3110412626064 262.2107145220383 256.7594800848128 280.423717210066 301.0852744400363 319.0219901770201 326.97613244420336 322.01088148092094 316.0741699983726 88.27220312738189 134.79273791927415 123.60603962896349 -9999.0 -9999.0 -9999.0 -9999.0 -9999.0 -9999.0 -9999.0 -9999.0 -9999.0 -9999.0 -9999.0 -9999.0 -9999.0 -9999.0 -9999.0 -9999.0 -9999.0 -9999.0
343.4126614430726 324.8458223678526 300.01836742760906 295.95064277703773 301.1713490277198 45.0 95.0131137550358 120.65066795705286 152.4027041313563 144.46232220802563 123.11134196037203 37.613956848732734 18.019769281777144 36.22494425552032 67.4468614730892 95.2840001419773 116.05349531049094 150.2551187030578 324.637538112931 334.1632457759984 346.8274465766731 323.8806591505203 254.74488129694225 266.0548137709625 290.11551647323574 300.3839154270149 303.35544315694193 312.2736890060937 324.396878741896 327.2339778267929 88.02200294458788 134.99167978424265 146.33250385416724 -9999.0 -9999.0 -9999.0 -9999.0 -9999.0 -9999.0 -9999.0 -9999.0 -9999.0 -9999.0 -9999.0 -9999.0 -9999.0 -9999.0 -9999.0 -9999.0 -9999.0 -9999.0 -9999.0
90.0 250.34617594194668 263.82007575081695 261.8121979880955 191.85300416774402 156.4767909795404 156.06344845213036 154.00221523277995 154.4114868586836 162.22867917709124 181.34472438870233 212.17121712854458 175.68397248013437 112.46058400149666 116.9926236839114 128.6218137109106 136.57655005518373 4.332313983188527 326.9293221772383 264.42780219603617 192.95276451337554 186.0724564072077 264.5226312711711 292.8437379123282 301.26373169437744 307.90008035536835 304.13594007791227 304.61819484076176 302.8416339793589 305.13419305691565 135.16254469021425 135.0615149600523 -9999.0 -9999.0 -9999.0 -9999.0 -9999.0 -9999.0 -9999.0 -9999.0 -9999.0 -9999.0 -9999.0 -9999.0 -9999.0 -9999.0 -9999.0 -9999.0 -9999.0 -9999.0 -9999.0 -9999.0
36.86989764584402 286.0735741647464 275.6730221399253 274.18491612511843 122.08218715606606 136.15967520848358 150.96972531751285 154.0466242976358 153.73597466701838 159.13485842903083 197.55354482633987 219.60370776010097 180.0 138.94051550437905 125.2996080560542 121.0226422045708 321.519801751657 319.8990924537878 208.47420361007437 185.6730221399253 191.79342968491048 308.3513548167311 319.65161445664063 307.06097385820215 303.61795204548014 305.3005428410951 295.4221448440113 290.66768923166103 288.24160046963505 89.62284058743448 108.47302271674741 -9999.0 -9999.0 -9999.0 -9999.0 -9999.0 -9999.0 -9999.0 -9999.0 -9999.0 -9999.0 -9999.0 -9999.0 -9999.0 -9999.0 -9999.0 -9999.0 -9999.0 -9999.0 -9999.0 -9999.0 -9999.0
39.31910918203405 317.6195487953947 299.14297798197174 321.8924231224851 97.7286369959516 105.56458363860736 129.30890185307607 149.19109654902397 155.45838205363572 167.58836141077342 201.7054367461056 216.2538377374448 165.65066795705286 129.10539185296446 114.19320898728877 129.8055710922652 245.87159706973213 183.8785245028477 165.49335840247568 229.60009566626326 304.9194020124577 315.3988040897368 318.8299859084476 307.6416009112463 305.40042439052746 307.44752928646966 294.40766866778006 282.3595087267354 280.713123022791 135.49382230133153 116.59761947228459 -9999.0 -9999.0 -9999.0 -9999.0 -9999.0 -9999.0 -9999.0 -9999.0 -9999.0 -9999.0 -9999.0 -9999.0 -9999.0 -9999.0 -9999.0 -9999.0 -9999.0 -9999.0 -9999.0 -9999.0 -9999.0
48.61388075200364 323.0428942335053 314.7821463749028 51.97276928602646 100.97224023781165 108.78645226279536 116.86981308749907 132.65586752593015 148.9937076334892 171.0273733851036 215.44191891816007 208.97970769792877 167.25177438976235 143.13010235415598 130.34174589032438 176.98721249581666 197.0601140423526 172.60831639004718 217.72499504211075 297.5422831351764 305.5376777919744 307.85765804548384 309.99202810795975 299.7106850733016 303.99381964120334 319.1570451412955 308.5873278632615 293.89250230802656 89.67231348063763 108.51066551398618 -9999.0 -9999.0 -9999.0 -9999.0 -9999.0 -9999.0 -9999.0 -9999.0 -9999.0 -9999.0 -9999.0 -9999.0 -9999.0 -9999.0 -9999.0 -9999.0 -9999.0 -9999.0 -9999.0 -9999.0 -9999.0 -9999.0
51.40153624014972 328.44286765683034 321.27433455708183 82.51496104962666 109.68510758184226 122.1214055527323 126.68972283247581 129.0531369460265 139.11490909823726 172.7554931475588 214.45524112499322 190.60385825987134 172.90159571584178 166.54676469354462 153.43494882292202 175.41202187592754 199.59228189105153 239.19855402386318 293.4480625779578 300.31678024760396 303.69006752597977 304.4183644790562 298.76764933884374 285.58349253218495 291.067895915368 314.31793960682734 313.6852457086173 89.34247290547596 135.3048349478941 123.73314736580454 -9999.0 -9999.0 -9999.0 -9999.0 -9999.0 -9999.0 -9999.0 -9999.0 -9999.0 -9999.0 -9999.0 -9999.0 -9999.0 -9999.0 -9999.0 -9999.0 -9999.0 -9999.0 -9999.0 -9999.0 -9999.0 -9999.0
42.39743779750019 315.68206039317266 205.7099537808113 122.38067770656923 114.76234562051556 116.48225386547394 123.10364194973258 125.14867265719194 131.8865612519428 176.60028584087675 200.01595960288267 182.30210829243663 171.29504289360108 162.0385592358129 158.28235621348972 245.32313682966296 308.58915997976754 313.1655309676082 306.72713437107876 298.89286626611914 297.17564027679407 297.255328374943 279.2263442197762 270.520856374502 275.05022842483277 295.31667245355897 89.33968602158133 135.08808799365067 146.38743955034698 -9999.0 -9999.0 -9999.0 -9999.0 -9999.0 -9999.0 -9999.0 -9999.0 -9999.0 -9999.0 -9999.0 -9999.0 -9999.0 -9999.0 -9999.0 -9999.0 -9999.0 -9999.0 -9999.0 -9999.0 -9999.0 -9999.0 -9999.0
115.88702626632669 167.8729089650699 161.56505117707798 134.5603990647187 111.87481851666803 93.40391704042972 83.55046529615772 83.89531512307111 100.35905248808372 185.71059313749964 184.08561677997488 171.36286858492923 164.40718906073366 128.99099404250546 294.1022345011611 299.6938610259101 310.07656262330374 322.07353767496136 312.02883673804934 285.80708408868793 263.13630808537295 245.65891006330747 242.40930274695685 264.52955983749723 272.5583226363368 288.09390654406315 135.24196173452256 135.03449911833903 -9999.0 -9999.0 -9999.0 -9999.0 -9999.0 -9999.0 -9999.0 -9999.0 -9999.0 -9999.0 -9999.0 -9999.0 -9999.0 -9999.0 -9999.0 -9999.0 -9999.0 -9999.0 -9999.0 -9999.0 -9999.0 -9999.0 -9999.0 -9999.0
150.31477071639603 154.68449084166173 154.82647547546983 137.04540848888723 133.99491399474581 121.00977722861296 102.15091104091421 100.3888578154696 111.20281864380968 154.53665493812838 239.53445508054014 345.42578380196124 349.87532834460217 359.2926806314557 330.1240073083106 313.60281897270363 308.33869836022984 299.9397641491808 279.7066524093397 252.76994728606024 240.52411099675425 234.95062668795163 252.4567422845999 271.16675884764317 275.3524313462701 287.95616515262674 108.437679143602 -9999.0 -9999.0 -9999.0 -9999.0 -9999.0 -9999.0 -9999.0 -9999.0 -9999.0 -9999.0 -9999.0 -9999.0 -9999.0 -9999.0 -9999.0 -9999.0 -9999.0 -9999.0 -9999.0 -9999.0 -9999.0 -9999.0 -9999.0 -9999.0 -9999.0
138.26203347739676 154.09986032095657 169.67159441269612 144.8010792747549 146.41215498734883 151.87626461671118 142.47425126790802 132.90474743537615 130.5526151499095 307.8749836510982 315.0 310.4260787400991 341.565051177078 358.21008939175397 317.5733594631768 298.7798063043972 278.3786725062156 251.23193993315664 245.4495476107926 270.0 286.12757582595975 297.4075754378184 289.93799174420553 273.93359649562814 271.80650365137126 277.0626026704158 89.96048849445965 -9999.0 -9999.0 -9999.0 -9999.0 -9999.0 -9999.0 -9999.0 -9999.0 -9999.0 -9999.0 -9999.0 -9999.0 -9999.0 -9999.0 -9999.0 -9999.0 -9999.0 -9999.0 -9999.0 -9999.0 -9999.0 -9999.0 -9999.0 -9999.0 -9999.0
138.48579118312213 155.1648324447351 165.91612912865187 146.44645909293854 149.35525898815337 160.23626364690358 143.494375789809 128.48757697071215 177.51044707800085 284.67639313744996 300.25643716352926 300.9637565320735 260.5376777919744 292.16634582208246 293.96248897457815 266.72951207681643 228.94518622903757 237.042575142885 270.0 289.79887635452496 293.51796167369224 296.3232982678099 287.29540005285236 270.6295986084102 269.11689799851325 90.01111999588427 89.99863801988442 -9999.0 -9999.0 -9999.0 -9999.0 -9999.0 -9999.0 -9999.0 -9999.0 -9999.0 -9999.0 -9999.0 -9999.0 -9999.0 -9999.0 -9999.0 -9999.0 -9999.0 -9999.0 -9999.0 -9999.0 -9999.0 -9999.0 -9999.0 -9999.0 -9999.0
117.75854060106002 133.2525351937669 153.27925415312424 128.79223277833796 132.06432655357884 152.5766492928905 137.60256220249983 122.19573393471325 287.5255683737229 295.3461759419467 320.4205952837624 356.98721249581666 334.9037495373078 329.6678249037001 319.60009566626326 327.6525565005579 338.1985905136482 275.71059313749964 268.3727166776064 268.7269699799433 274.04448557418107 286.3408056311466 300.8112392893502 281.6727122155151 89.70820256721856 135.53890208403678 123.73405161455466 -9999.0 -9999.0 -9999.0 -9999.0 -9999.0 -9999.0 -9999.0 -9999.0 -9999.0 -9999.0 -9999.0 -9999.0 -9999.0 -9999.0 -9999.0 -9999.0 -9999.0 -9999.0 -9999.0 -9999.0 -9999.0 -9999.0 -9999.0 -9999.0 -9999.0
112.10944834375167 125.44921294279825 151.51416391023304 132.72955032933493 127.72499504211075 152.28149837181667 189.09027692082236 163.6104596659652 306.15818543980834 310.72053646975473 334.75186122871526 356.75474509610984 355.5801288611453 340.72252691633753 342.4201485733447 1.2730300200567228 1.9414863909143776 309.95754893082903 282.6001598260807 276.2463156209901 269.0206803456605 275.2395436854292 298.9023570362018 291.30182608926145 135.93635055662102 135.14022523088363 -9999.0 -9999.0 -9999.0 -9999.0 -9999.0 -9999.0 -9999.0 -9999.0 -9999.0 -9999.0 -9999.0 -9999.0 -9999.0 -9999.0 -9999.0 -9999.0 -9999.0 -9999.0 -9999.0 -9999.0 -9999.0 -9999.0 -9999.0 -9999.0 -9999.0 -9999.0
119.56953133326778 141.527841007885 171.21883726561452 154.5807116610971 152.75491215747928 174.66784111834045 248.19859051364818 308.2901631922431 305.33133133891636 307.33952466553365 331.0735741647464 351.6978387651161 354.875076654021 344.1441986773614 340.95337570236416 8.678168885240765 15.376251248826193 333.0604719361992 303.2970985197786 301.0110693037416 291.89587894652095 281.62779761518624 288.66081800574153 89.54218611310019 108.60231888315775 -9999.0 -9999.0 -9999.0 -9999.0 -9999.0 -9999.0 -9999.0 -9999.0 -9999.0 -9999.0 -9999.0 -9999.0 -9999.0 -9999.0 -9999.0 -9999.0 -9999.0 -9999.0 -9999.0 -9999.0 -9999.0 -9999.0 -9999.0 -9999.0 -9999.0 -9999.0 -9999.0
116.25024236968889 126.45303999265579 171.28526712513883 165.82766229986805 173.54118362128133 265.23635830927384 313.3445134608807 322.7920780782184 316.6090089060474 309.94410026989624 324.6887865603668 335.68871797504454 358.64893491728037 356.5222134802018 332.54900222906775 11.848266238414439 21.630886836517917 345.45616600654427 321.9529574681739 321.7024656795957 328.18705990782905 324.6252481561239 88.68559401624314 135.45938097301567 123.81531460332423 -9999.0 -9999.0 -9999.0 -9999.0 -9999.0 -9999.0 -9999.0 -9999.0 -9999.0 -9999.0 -9999.0 -9999.0 -9999.0 -9999.0 -9999.0 -9999.0 -9999.0 -9999.0 -9999.0 -9999.0 -9999.0 -9999.0 -9999.0 -9999.0 -9999.0 -9999.0 -9999.0
127.41382857863545 120.06858282186245 247.52056560289688 308.15722658736905 354.50767544287254 323.4089117326007 298.97413255155027 305.6553280979003 313.07804404106855 303.7564588977868 296.88997650009946 321.43473915103675 3.6367888811968925 358.34570809359275 345.9637565320735 359.15747573925955 0.7313957530975443 340.17961891252526 330.10109816138544 330.7660453830134 331.79141883194154 88.14646857982234 134.73273299619837 146.36148518190097 -9999.0 -9999.0 -9999.0 -9999.0 -9999.0 -9999.0 -9999.0 -9999.0 -9999.0 -9999.0 -9999.0 -9999.0 -9999.0 -9999.0 -9999.0 -9999.0 -9999.0 -9999.0 -9999.0 -9999.0 -9999.0 -9999.0 -9999.0 -9999.0 -9999.0 -9999.0 -9999.0 -9999.0
135.17629414984316 120.14138555207535 323.9149269571479 330.35013649242444 337.0901546708319 348.04812486997525 304.6111421845304 261.09828396710805 252.1907212463252 249.2092747255853 258.1377151596662 278.4163743878157 336.5713071912546 1.7788003156738483 354.8347589550042 354.28940686250036 349.3941276871376 336.96625508846626 329.6117981484552 88.22542561410276 88.53091404040215 180.5175177337677 146.2926267795196 -9999.0 -9999.0 -9999.0 -9999.0 -9999.0 -9999.0 -9999.0 -9999.0 -9999.0 -9999.0 -9999.0 -9999.0 -9999.0 -9999.0 -9999.0 -9999.0 -9999.0 -9999.0 -9999.0 -9999.0 -9999.0 -9999.0 -9999.0 -9999.0 -9999.0 -9999.0 -9999.0 -9999.0 -9999.0
