src/main/results/Aspect.asc
ncols    218
nrows    236
xllcorner    466515.47101027
yllcorner    2626221.2241437
cellsize    90.0
NODATA_value    -9999
[rows 92 to 114 of 236, columns 52 to 103 of 218]
232.02839623894963 169.69515353123398 69.44395478041653 77.19573393471325 172.23483398157467 166.07165806084632 158.9123175517509 164.88428681142204 162.69326860888998 189.61972779969886 256.50426671920417 244.8224645703652 128.3455749539934 124.85445556610367 150.2965473144301 165.37912601136833 180.0 181.46880071438585 176.77547739348012 301.8274465766731 311.9872124958166 308.6598082540901 304.74678684214075 306.52885536698517 299.096888799528 289.85521436932106 307.23483398157464 103.06931789628217 108.43494882292201 80.70669140060289 82.9476939921588 105.17291534552527 227.66300076606714 245.63754698468782 296.565051177078 307.2843264364515 313.1523897340054 296.0534953104909 259.5257651717742 253.7726389564845 252.43972794819933 174.28940686250036 109.92558065818432 121.60750224624891 182.41950921665637 216.73282666448938 208.393019421383 77.79953127261922 56.88865803962797 94.89909245378776 109.51079944371328 121.10880882854514
214.32105280346485 202.93210043758978 116.56505117707799 60.068488159492205 105.3128183608063 157.26058221657001 153.2015660830701 150.97506745679604 189.56668598971441 223.7269699799433 250.43621638041736 255.25643716352926 120.41108126712537 100.88552705465874 120.89464223566476 156.80140948635182 220.10090754621223 296.2001148413474 328.3602184447645 315.2282688301534 303.3262896871152 285.7807533095154 272.5050928672414 273.751729070526 266.5526131481348 256.1088088285452 261.25383773744477 65.03721016919299 30.256437163529263 26.28826212490022 58.392497753751094 66.29735404903376 277.5946433685914 280.93381678575577 309.7261040426482 310.52917916450485 324.42470187232027 348.5975057656109 295.90650799951436 248.61137717218116 221.80046029043743 178.66778014613038 151.69924423399362 144.39244934081893 175.14690361300762 228.81407483429035 221.30861401354872 180.0 108.75865034784223 113.71359488634091 125.49564127749699 129.7225939170928
211.5781649321138 204.67686317033704 206.17528998175996 90.0 83.99099404250548 107.4471884232822 133.71267105847497 160.80115271614798 181.87174496528877 189.86580694308435 210.9257871675104 220.710846671181 166.3286928678042 118.25802961470689 115.06200825579447 251.56505117707798 311.3915311474336 329.6208739886316 331.504361381755 317.591866705235 302.4365306014816 285.0049203828602 264.84441568259376 251.41700039673367 216.71420297604624 227.6324348689865 222.59402948335472 77.47119229084849 14.381394591090611 72.12130340415865 96.45881637871865 100.4914770123316 276.7098368077569 280.40771131249005 284.2810957359708 287.20657258804147 305.7397784688285 3.0774553994243803 6.428747748829849 288.434948822922 237.0947570770121 147.20046872738078 144.5829447235326 156.61477894278624 194.15341258785142 228.66778805553145 201.80140948635182 177.22083313592793 155.13630342824814 134.56263613247927 127.51911382047632 130.9998142394869
232.48088617952365 211.3099503825345 195.83800000136958 155.92450174492117 120.7354877019201 90.41219274140232 66.8734796112512 110.64699082497036 163.5706985484666 174.68010608219316 203.66314070819436 221.32085757334093 182.0350344568599 145.40771131249005 151.35581710101724 274.0856167799749 298.19774296885237 301.4487152730536 297.51200262385146 303.3106308245608 304.7960262782683 293.4985656759521 267.8983456723287 245.33618528753647 193.1092081981543 203.74949449286677 223.5750257274846 209.74488129694225 159.67686317033707 143.13010235415598 135.62275568720634 117.05059700708611 295.6410058243053 282.82878287145536 275.19442890773485 267.94235405305176 263.56526084896325 106.69924423399362 78.8869594640517 256.60750224624894 180.0 114.69155816347806 103.74904898341931 116.90609345593684 210.71890426402922 217.34934904464058 176.8849352400945 168.8869594640517 161.6600689664446 145.98065001017355 135.86805144974554 132.36324157385957
342.31560797344224 347.36663806472495 178.66778014613038 153.89208629959137 149.84317292302885 151.52579638992563 108.83843355798076 83.709329226645 97.27500495788925 147.80426606528675 217.23483398157467 225.97653803576156 189.2726017772003 153.43494882292202 213.6900675259798 280.1840331960241 276.90032816927726 251.38983527217266 264.80557109226515 297.4744316262771 308.78436410029735 296.9521789312289 283.85141901380496 266.5317707410828 184.18491612511843 194.93141717813756 211.68236602705065 201.40517943011855 164.50072462349914 148.6864567298103 165.42578380196124 343.2016282186947 328.2985703304943 291.8014094863518 282.99461679191654 272.2754564382542 262.05652818940956 193.5704343851615 133.60281897270363 160.7581217219756 171.0273733851036 161.94786806075984 141.9529574681739 117.16498505733195 187.59464336859145 199.56378361958267 170.77917595936208 156.21796957677861 152.56501468729297 158.26536878121198 140.56509883491165 120.96375653207352
335.8790168805574 16.927513064147035 40.965072483869044 75.03784474567345 126.28025349376267 162.80145877993414 154.92558065818434 105.81137093013845 77.27564431457763 63.43494882292201 236.85300416774402 213.59750576561092 182.29061004263855 184.87389642220478 270.7206636225177 278.76758124455296 252.30911037996668 247.21759426951832 275.9315269249197 295.14478563067894 299.29136217098426 267.5104470780009 275.9061411137705 276.7889745744388 112.61986494804043 140.47736872882888 203.74949449286677 201.23289229541842 173.13000769178575 156.58788583069733 278.93059010041895 313.3153156821037 327.9946167919165 294.39373938616313 293.4480625779578 290.43282867939865 291.3706222693432 19.74683660542611 95.29008120537127 145.85641334806223 164.3271794904568 163.8355008477431 168.56631873457331 122.8686789333675 128.9559078377589 184.48460600954462 145.30484646876604 141.80558044186478 161.8219812015815 183.98431600237222 168.25436657471204 94.39870535499553
335.2892005377698 10.660348294535325 60.59908580283923 66.54578947641278 63.165956529225525 66.11350007836525 158.8752808539275 149.85861444792465 100.26137471723439 75.86393820185293 76.86597769360368 174.53090502988806 194.42822672178573 215.68711871421561 253.5706985484666 257.5119142310515 248.9076604941725 279.61211475436585 282.02527960963533 285.0684881594922 315.9391909457356 294.50740523012973 280.12467165539783 228.81407483429035 92.2025981617658 84.9868862449642 170.34010692155766 195.57254359681028 187.721825800131 226.27303002005672 271.97493401088195 276.05419189411487 324.637538112931 325.0079798014413 314.07595464722726 280.43747535111817 267.78034444680213 183.3664606634298 100.41602830757071 111.72105080199731 137.23117460803127 146.1130405359483 171.52885536698517 138.31094151461144 144.01932243138168 177.76882539196873 153.2211595930449 142.90160594034245 157.74060043208738 196.4221874983153 223.6881122174959 67.1193628235823
343.57781250168466 36.34745820888527 62.887553572044254 50.81009942771928 43.65999221910028 43.87669728592457 41.14319901441015 36.38435181583589 42.90984084628931 46.61353893288118 97.1250163489018 132.91322272442923 176.543380827958 242.7648533006975 258.46537934635523 257.12499844038757 274.5739212599009 273.74616204960364 254.86691685151303 240.68999292908387 241.69924423399362 302.73522627210764 313.69804732742114 333.434948822922 120.57922687248902 128.76551990445876 142.69605172201656 185.29008120537128 262.8749836510982 282.82878287145536 262.5041423602702 227.24574256589506 255.20323775494268 268.1523897340054 197.61257784292383 206.74522599044622 214.54009090707086 175.409456814394 123.3885135761115 110.35322914806883 130.15599962491933 175.76360520094116 172.91310458992635 158.03943597990352 163.89082432740003 173.85044045846166 165.06858282186246 145.64793086828956 144.87783628985557 257.0673916032605 267.9690857631469 65.15761089454482
14.826479970355663 44.29268063145574 37.05652818940958 44.518534194161646 58.984579118075914 64.39206851078167 61.725134778780486 45.81845546168861 35.942111871382345 65.08197748418075 95.39997342332506 116.71272038493811 200.72555886556057 274.38006045506364 268.2038568475043 258.4398692057822 258.6207860851233 250.23283132320836 240.08079131144248 245.77225468204583 255.0271242332131 266.9059419410829 272.4895529219991 85.60129464500447 116.3069638257418 151.48875370589127 146.30993247402023 295.277722235553 294.92177052258523 305.33133133891636 313.5679038158354 275.5993393365206 250.2239233973608 189.1805419576262 164.422174225689 187.57467968315785 205.09938086642143 192.23611150941633 149.8019980834338 125.85522834621571 121.79891282429442 140.74866341728776 147.70938813625577 151.26741807595772 163.99432450057796 172.00407955395985 171.15818543980834 159.96278983080703 194.5344550805401 270.0 237.2647737278924 166.6754687381092
133.60281897270363 0.0 65.03721016919299 85.63172256541162 92.78516642211434 92.5031397795849 100.72444853747118 151.48875370589127 161.7005019401396 125.16096261399895 96.70983680775693 78.47968005228897 284.98163257239094 262.6809806244096 254.11444301153819 246.6951094607969 248.46789889234367 263.3161358919659 278.2525290471361 279.1228962053784 272.9814612199822 233.36588612403258 221.03534527714388 140.19442890773482 114.22774531795417 143.9726266148964 315.0 321.5967382978942 310.20576793336943 317.33730585912383 346.32869286780414 287.969139740157 246.1940564815423 166.65127288671263 138.01278750418334 179.42706130231653 200.26049113025186 194.64737527236298 164.05460409907715 150.45201064112968 150.0684881594922 138.57633437499737 119.43848967467152 113.81865049973376 117.47443162627714 134.14490260373327 167.05349048436307 156.0923395058275 210.65066795705286 240.9131891704684 199.34847153494746 171.52885536698517
131.6335393365702 296.565051177078 98.9726266148964 101.80706342159856 103.19061071220685 105.79592898907393 107.10272896905238 115.93080646265187 123.82208521749396 122.77908066806957 118.37552185603504 101.74998357177667 175.76360520094116 241.31385242626055 244.28214444299925 253.39725382973484 258.4533094540727 259.5994479751789 264.7691928244468 265.0497277657082 239.85861444792465 186.70983680775691 208.16252737432362 172.64762064010765 141.73048393461565 277.1250163489018 313.9190758133393 338.5870305251282 339.6051239179516 256.86597769360367 187.87393813172565 192.47510971220896 216.2538377374448 137.12109639666144 77.05349048436307 109.09349200048561 181.6683374482933 193.86968643850506 176.4012318831917 150.0940628250366 157.61986494804043 159.48447512692354 142.48738819714364 107.57125877832243 39.61068824002659 24.502659451998184 25.851862542060402 96.61346048231476 201.7054367461056 220.72605390240307 175.1634165542647 144.67627109977226
287.10272896905235 295.0168934781 97.40691212849524 105.34376604776386 113.1569208631672 112.03622694014545 96.3401917459099 69.24167572845359 63.67170689482912 93.75172907052598 105.08635400846512 93.57633437499734 98.29714496983688 234.78240703180728 249.12535317354997 256.1651468433413 252.96711550611937 242.56689737317646 250.80692820925006 260.0834738790927 233.65254179111474 185.71059313749964 204.40766866778011 178.61408214918782 171.86989764584405 300.094241476445 314.62056329858103 329.5344550805401 147.52880770915152 151.60698057861703 170.08347387909274 204.71079946223023 243.21287327022856 280.8855270546587 70.93080646265187 93.25722194066695 132.27368900609372 186.54629078329404 186.82346239903353 141.08852815419516 138.47778651979817 159.10917523759153 172.1082975717643 267.7093899573615 359.46454101443544 25.688143435647333 39.92526962184247 73.26851278712913 155.50142580856624 225.7073193685443 204.0202467972649 130.97173633351485
262.8749836510982 231.34019174590992 97.3343788014167 90.98776039963981 79.75213588888973 66.898192805639 58.2405199151872 73.02450053207025 103.43102887068167 101.70290148022136 52.1250163489018 34.12494175200589 54.65989307844233 237.52880770915152 250.12495781528185 252.2478504606664 246.2384305274357 231.23032461400564 235.25995555642143 231.93135679831585 193.04563706294863 185.9061411137705 275.71059313749964 336.727095935918 332.98733465206146 324.34467190209966 319.3250604347385 144.24611274556327 135.88140399658215 151.0735741647464 206.90609345593685 255.1916229609576 266.45523354440513 271.2188752351313 95.85601358542895 108.99665415548856 120.44642720928745 155.87159706973216 204.8205413354891 119.19748604606448 88.56790381583535 128.0887728809753 207.09555249375182 255.03784474567345 266.8201698801358 101.59217541029108 90.49391689861875 89.7632419280929 102.30053887899808 251.56505117707798 204.56717132060135 133.23372951399097
226.33221985386965 194.74356283647074 101.79342968491048 75.96375653207352 49.325060434738454 45.45113854678728 60.159546182001904 88.26429541107161 90.99924367025729 38.65980825409009 5.440332031005497 34.69515353123396 56.39213583155273 69.30454926593671 251.26402533298162 251.75208787781253 234.03948280335513 213.5110187978408 230.7882928179849 228.83726211732767 197.89187712919824 223.47923033885624 291.29735404903374 326.4087182028818 333.92464441605125 324.7824070318073 149.03624346792648 132.9299693469589 132.6386253418244 156.3706222693432 295.49755149333777 312.0262689175199 287.2924493998777 240.46121774044192 109.6538240580533 85.33314162856101 80.53767779197439 118.30075576600638 198.43494882292202 189.95062668795163 94.72445169717089 100.90502204523445 244.4400348281762 264.18751761688725 209.57783868126134 126.62574097240096 126.52885536698517 98.23561932420951 102.86275101895822 237.52880770915152 176.51672853100234 125.8033441083711
230.19442890773482 189.6887865603668 93.31778116833485 50.806726905531576 48.556181094255116 55.59152774797138 55.607430872774785 59.94288321350842 41.42366562500264 2.3215305898327045 15.945395900922847 59.55357279071255 82.16447489351145 85.66768601681149 261.29777621005326 254.68959429623763 231.0485066610006 217.9476939921588 258.1718283770816 254.88428681142204 230.00064459755845 248.45902408146156 263.23382517744693 255.27702493824978 203.58703052512826 168.5788137250007 154.55825153699743 134.45948981286932 133.71267105847497 250.8209919741893 290.4184255174313 302.38067770656926 252.75854060106002 183.01278750418334 150.03781590358227 104.48976259388445 70.58152925793888 80.73547601486702 182.17474411461006 201.25050550713325 142.72182580013097 119.74488129694222 255.32360686255 267.6829376141287 129.28940686250036 109.37800405539302 142.82907651005962 107.23182175739706 98.59591143692097 225.54565759341574 175.36453657309738 152.9044475062482
226.8476102659946 254.05460409907712 38.48019824834301 25.887026266326686 47.00253313182688 55.28139342893261 51.24837166503823 57.92075033583156 37.874983651098205 355.6749395652615 67.28558764683277 99.36650995701213 95.81562652949124 93.52145337692224 240.70863782901574 243.19916505304542 238.67130713219584 265.9622893790229 271.54815769897795 261.7474709528639 268.7269699799433 274.8304199582899 261.4692343900519 237.89374404488217 180.0 160.46334506187162 145.12467165539783 116.33768816608743 140.52754015165618 272.51136326716306 275.3977487764804 239.03624346792648 134.34145682243638 153.43494882292202 143.32565033042684 152.92791976200724 88.99491399474581 83.14488101989947 106.92751306414704 187.20605700138327 154.16324577599843 130.9555144258189 265.710846671181 271.41442321140215 63.43494882292201 95.11284977988247 123.39848846798725 112.24902365721238 96.7590811269705 252.96223220437437 218.9275435927923 334.7988763545249
311.8201698801357 315.0 358.36342295838324 52.85331330197822 61.75026450502572 67.29715787678717 74.71256557588325 77.13289585998093 40.31410016049729 32.0053832080835 88.57679515336687 95.1944289077348 88.51213247117222 91.40574926104634 206.13100054493862 246.00678943077185 262.2223621098707 273.7960516264818 265.2098692776368 255.25643716352926 268.1523897340054 273.36646066342985 262.8749836510982 258.91743053697036 114.77514056883192 127.50414236027015 154.3231843181618 114.55045238920742 255.96375653207352 277.83926333180545 271.4320961841646 183.81407483429035 139.46715906138928 163.30075576600638 156.25050550713325 177.95459151111277 168.486168815513 93.0848123304976 86.96060043107308 117.75854060106002 91.19348942398203 65.32313682966294 266.98721249581666 254.43848967467153 169.04593735660166 102.15091104091421 103.92096036492075 109.69862137458028 95.77432590266328 302.9694039034621 323.2525290471361 325.76253722314243
296.565051177078 303.69006752597977 90.0 132.87890360333856 69.27444113443946 72.52522574374433 82.71597634558314 83.92041104216152 37.874983651098205 46.54815769897796 67.80101631217227 62.62639270968439 76.42956561483851 90.95484125387219 103.3924977537511 268.05851360908565 264.8460914387722 262.13745437784496 261.63411387596744 263.4801982483431 259.4949361300827 251.28826212490026 252.69947280805502 250.62586023134241 138.9909130984298 137.02136494035602 174.57940471623766 166.54131539138498 222.13759477388828 270.0 265.4860115419987 143.9726266148964 134.43829466743347 164.74488129694222 170.8698235177213 180.80128733010702 195.04639183219854 94.17043652484212 62.311646108846574 26.053495310490952 32.347443499442036 78.340707346477 176.82016988013578 226.4840146756621 172.14668669802177 119.23785223602745 130.76360520094116 147.82878287145542 55.84030545433057 331.52579638992563 331.4096159392094 335.27972729039607
291.3706222693432 242.78388844269253 137.20259816176582 167.47119229084848 32.0053832080835 59.33107335028507 67.83365417791754 55.66307212526839 9.944294263185924 33.86369056881827 53.53971667682002 61.821409890040826 78.80488857370003 83.04057792850102 41.63353933657019 266.23147029086465 264.3139657034794 263.87462805980033 260.01257842498643 254.97289058597136 249.634463735911 248.00887008282288 262.27817419986906 256.79891282429446 132.70938995736148 132.32457334397085 177.85909863367692 227.33730585912383 274.3987053549955 268.2642954110716 244.39781244855823 125.53767779197437 113.4046895510323 139.14462374110428 173.8113840367584 188.79741070999108 214.00749241973227 154.3589941756947 35.463364241540596 14.257035359650061 26.13100054493858 69.7493664907175 137.29061004263855 199.5107994437133 173.50065372034544 139.0535542318314 138.01278750418334 271.39718102729637 323.2047061915687 329.38651897883415 324.7275785514016 327.2491234197558
174.55966796899452 174.8055710922652 149.65675111576041 270.0 315.0 62.14034930475773 45.29083902235055 21.86236242028646 12.528807709151508 62.89187712919822 83.27564690689036 87.57366416839764 82.60297293049939 76.69082130459952 40.23635830927382 269.6128722458491 271.05118074954373 268.25549015841113 261.97759635267255 265.23635830927384 271.56935480474897 276.29067077335503 272.2906100426385 210.14138555207535 131.2953725579229 132.58049078334366 271.39718102729637 317.41102974661123 333.0411695968352 304.1144729453413 213.3663660010596 132.7803444468021 109.74683660542613 100.30484646876603 21.801409486351815 270.0 219.68545433005525 237.52880770915152 337.69379494509235 4.763641690726175 26.748104162921457 68.03040377701262 90.0 171.57303097851934 171.34745820888526 151.97549946792975 159.90476880809518 302.29061186374423 326.56013079421774 347.95742485711503 326.2106331288767 276.63251461513846
105.57254359681026 149.03624346792648 185.19442890773485 210.25643716352926 188.58362148011395 152.10272896905238 30.784146526326445 26.104854009099306 50.42059528376237 99.29330859939711 112.84303616236178 118.47774300835954 109.33119958220553 106.05242400715665 130.0302592718897 270.3672756073381 263.6598082540901 249.17144420979318 246.62319612790466 263.9204110421615 279.264523985133 281.5237217038973 225.0 181.53777238469746 163.96005669395032 153.43494882292202 298.3611943295737 307.38806240328506 333.0041616059134 111.80140948635182 156.50143432404792 149.8756820016388 111.90870482818192 91.63657704161672 353.2901631922431 49.08561677997488 266.4236656250026 249.17910714668918 267.20729763428676 305.5376777919744 57.33908727832619 77.47119229084849 80.28943073398652 90.69869438298348 132.51044707800085 133.2642954110716 299.18080605249986 294.3112820249554 307.8510805321207 358.7269699799433 156.03751102542182 196.54676081618106
62.10272896905237 90.0 154.9164059938091 172.8749836510982 170.92850242282282 181.23197740263973 212.47119229084848 114.30454926593671 93.97938245267821 97.1250163489018 110.72555886556054 128.76551990445876 120.96375653207352 119.45019583029841 182.86240522611178 270.0 262.1018630971422 254.90447915578892 260.6398091980867 264.95754893082915 264.9363831469699 247.32865637801916 173.96231747857712 171.07869834555834 187.53260140094739 289.7468366054261 306.2926297284796 294.22774531795415 182.93567344642116 151.69924423399362 145.0690626988894 163.9509952074668 134.35625428582463 108.88608736970929 214.28687697720898 138.9909130984298 119.47588900324574 240.80251395393555 228.01278750418336 206.56505117707798 105.70863782901574 81.20626964583077 84.83305108033224 96.28249208816138 116.56505117707799 294.07549825507886 300.16500780574125 286.0202923020712 246.99740340664215 155.58666829497488 152.65012421993015 180.35586983062188
53.451985369554706 54.21102654081667 76.39945748334125 130.0607844578738 164.05460409907715 192.52880770915152 201.31791227546157 177.39743779750017 135.0 98.58362148011395 95.41020410975806 103.0156427651059 103.40750843706319 96.155168343274 186.34019174590992 250.44800482675944 252.5623624650296 256.9792326943753 257.26570920465235 249.8351675552649 234.5366357584594 203.67053848472045 166.80353680778154 169.56252464888183 283.6429147759901 299.2488263365469 267.99044618697883 180.0 190.22900828735953 183.4064437549947 135.72522429905925 131.0090869015702 123.69006752597979 88.26429541107161 103.2405199151872 194.74356283647074 192.9946167919165 228.1221304621157 215.53767779197437 202.58385252065636 156.73229518994304 104.93141717813755 91.81830296445183 97.4314079711725 311.9872124958166 310.54439716667366 309.00259942608443 297.00409070275964 167.6609127216738 154.34847153494746 151.18920625702694 194.8986954344003
