src/main/results/Aspect.asc
ncols    218
nrows    236
xllcorner    466515.47101027
yllcorner    2626221.2241437
cellsize    90.0
NODATA_value    -9999
[rows 184 to 206 of 236, columns 52 to 103 of 218]
-9999.0 -9999.0 -9999.0 296.6266010868751 315.4594770859485 135.0 157.64680231301062 152.57125877832243 144.8193006387579 119.74488129694222 114.49190102823157 223.19126067750793 224.0122396003602 121.5042667192042 122.82854179141253 101.88865803962797 84.04754056203247 69.37646861667477 44.309722802134914 40.04972776570825 67.06789956241022 77.15229514128234 264.9868862449642 149.03624346792648 146.88865803962798 157.75097634278762 84.55966796899449 0.0 271.9091524329964 291.8014094863518 3.6522227803063316 31.798912824294426 56.309932474020215 90.0 270.0 268.7546357332317 265.1433960660569 252.1081228708018 232.92692668268958 210.7354877019201 144.5366357584594 133.9325003162598 133.11181199325907 129.97592474146046 183.22452260651994 214.62415507994896 304.0193499898264 135.12427340753354 116.568979158352 -9999.0 -9999.0 -9999.0
-9999.0 -9999.0 -9999.0 270.0092678624136 89.5082028120541 90.0 88.60281897270362 133.83086067209257 127.79394299861673 117.69947280805499 129.94617394993563 174.41275603579567 209.47588900324575 168.69006752597977 149.45242825109298 143.79741070999108 109.95379922035721 70.0893738689286 42.78524487268077 50.04245106917091 82.81946450227984 93.4893249057964 240.37625124882618 167.73522627210758 136.50743575877496 205.82099197418927 135.0 90.0 312.2736890060937 327.38075692880716 353.75162833496177 31.855132382449263 46.8476102659946 0.0 253.49563861824498 248.65421335091025 236.88865803962798 213.00665127641304 203.40468955103233 198.43494882292202 169.43198579099067 155.71853990448906 143.45891240017056 133.42344994481627 333.434948822922 326.30993247402023 313.19883948427764 108.3905496186735 -9999.0 -9999.0 -9999.0 -9999.0
-9999.0 -9999.0 -9999.0 288.5038205850517 95.08496060472181 94.35107795157388 100.12467165539782 124.85445556610367 129.88268515002736 114.37646861667477 123.19293657840144 175.13548556223947 215.8376529542783 200.80679101271124 143.7461622625552 147.66236406285745 144.6986617377101 141.81435288940975 111.66595872329023 108.59106772678031 110.9125476913677 107.48799737614854 187.1250163489018 173.65980825409008 140.9061411137705 245.77225468204583 219.8055710922652 146.30993247402023 296.565051177078 313.63607246839706 5.042451069170909 83.04704253182608 94.76364169072617 90.0 329.93141717813756 319.3160275198656 308.8533743403533 253.11320887605598 212.64464013491647 195.74393477789295 165.81238098068243 157.0419445111786 157.61986494804043 342.89727103094765 337.0272786691713 333.434948822922 279.86580694308435 90.04350369412117 -9999.0 -9999.0 -9999.0 -9999.0
-9999.0 -9999.0 296.56172942586346 315.3411421424664 100.97224023781165 95.1944289077348 67.38013505195957 68.99321056922815 79.7651972365768 110.93728527427466 115.38790629109593 153.10376303450664 210.96375653207352 206.79151552941917 127.01067323360311 103.06155108332811 132.51044707800085 166.1924809837987 150.61584287404872 121.5781649321138 99.84582236785258 75.1243179983612 12.994616791916513 270.0 280.0079798014413 308.99099404250546 330.8323866204222 345.30268072048807 296.2219667775545 242.66764050783232 152.17590361574673 129.66076319626242 131.42366562500266 131.6335393365702 288.88608736970923 284.0362434679265 255.06858282186246 157.06789956241022 175.91438322002512 198.94650468950906 170.53767779197437 159.44395478041653 317.9108378261677 317.563770211465 320.1944289077348 221.42366562500266 90.40502969150782 90.0869945535584 -9999.0 -9999.0 -9999.0 -9999.0
-9999.0 -9999.0 269.883629796866 119.6630886622641 100.4914770123316 42.049220890993645 19.179008025810717 58.80490241212434 89.59933674420785 110.7168750554553 123.79656513477067 136.1852608186224 197.18570614422478 205.01689347810003 170.77011375627228 72.9371428265386 63.43494882292201 126.2538377374448 162.38742215707617 104.53445508054011 79.80849814997231 77.77487732426425 84.28940686250036 90.0 322.59464336859145 320.09211512449895 326.5751888173962 354.6948903937896 357.1375947738882 216.2538377374448 133.8147391813776 120.52970589993411 120.96375653207352 270.0 245.13630342824814 215.38027220030114 182.57914750028343 166.4295656148385 249.44395478041653 301.3730051401085 79.38034472384487 292.61986494804046 296.2001148413474 275.63068275763527 183.46822925891718 151.8583987677383 135.17380993409603 116.59762825217584 -9999.0 -9999.0 -9999.0 -9999.0
-9999.0 -9999.0 269.9279612417257 112.46321248940716 64.72227776444706 356.5317707410828 41.63353933657019 85.93847732268942 97.07892160461223 91.84761026599459 96.3401917459099 120.96375653207352 156.25050550713325 201.54097591853844 202.09789211568872 149.3700015151793 73.4791078109965 32.511914231051485 6.674469047117569 29.74488129694221 43.09084756700362 57.58769338164879 37.18470645323312 356.9059419410829 318.01278750418334 313.5311992856142 319.0377106209771 345.03784474567345 40.552615149909506 40.34174589032439 36.32682595212024 51.340191745909905 41.18592516570965 225.0 220.2363583092738 196.8583987677383 175.6012946450045 216.86989764584402 254.05460409907712 203.6293777306568 168.34070734647702 210.67728002179643 237.7575321608767 199.09349200048564 147.91781284393397 174.28940686250036 116.60666683969137 -9999.0 -9999.0 -9999.0 -9999.0 -9999.0
-9999.0 -9999.0 270.1024943351312 20.01595960288266 357.68627750217576 6.4416000993350195 49.43447050610121 65.30262766235617 49.39870535499553 50.16330681437354 56.09372301155785 61.84931141182509 73.73979529168804 236.6893691754392 194.7827260426157 177.01336300952485 156.59531044896767 30.425783801961266 359.612872245849 14.931417178137536 58.51656810879132 51.20344790169183 3.900493742381883 346.2637316943774 325.4258085258848 302.8686789333675 283.7069610040798 252.89727103094762 106.26020470831196 107.81888891452277 87.03906386583625 77.79953127261922 66.37062226934319 270.0 270.0 273.81407483429035 275.19442890773485 244.4400348281762 217.8749836510982 162.64597536373867 145.81387751362496 219.0531369460265 222.58049078334366 189.21102654081665 139.82076607809265 201.80140948635182 71.63317796239161 -9999.0 -9999.0 -9999.0 -9999.0 -9999.0
-9999.0 -9999.0 270.24462783073585 355.9747104201726 356.543380827958 18.302626241748186 45.939190945735575 45.682060393172655 29.008472241482927 43.50330116024103 52.16044972689112 51.20344790169183 19.687116198125864 358.7981669355479 18.302626241748186 45.88140399658214 202.30620505490765 267.0891621738323 331.47688139368796 63.73336164291689 65.22485943116808 34.73485953978627 0.0 355.35202930861294 358.22119968432617 342.15570839172466 311.8201698801357 67.61986494804043 101.07020257793936 136.39718102729637 158.09682191816086 126.57303097851933 112.83365417791754 270.0 270.0 295.82099197418927 343.9091836511478 10.980650010173548 11.309932474020215 162.64597536373867 128.85337434035333 184.08561677997488 213.6900675259798 197.87869659584135 172.40535663140855 183.86546116985176 45.11295358361173 56.31166400053509 -9999.0 -9999.0 -9999.0 -9999.0
-9999.0 -9999.0 270.18188200402284 344.19748604606445 356.30068050771285 42.79740183823419 61.43416320625344 43.86930904876203 35.07375449334829 66.35677267340478 78.01708618767668 75.14138555207533 349.04593735660166 340.14478563067894 39.05848020624724 62.72323661688631 77.19573393471325 224.51853419416165 185.71059313749964 107.85031830221683 43.87669728592457 22.750976342787638 351.8057366653698 350.4727166185476 357.31022967684953 354.36405930170656 359.6075692906591 17.612577842923827 60.832386620422206 75.96375653207352 178.1523897340054 151.92751306414704 194.0362434679265 304.38034472384487 331.9661481085362 337.26058221657 340.32590142774933 4.4971516146677715 29.74488129694221 30.57922687248901 14.782726042615678 22.619864948040416 209.98163936884936 204.34108993669253 158.80594351845772 170.75388725443676 248.9076604941725 71.54139943738954 -9999.0 -9999.0 -9999.0 -9999.0
-9999.0 -9999.0 270.1339112598032 327.6803834918198 356.967297383823 68.36911316348207 83.18178542834814 94.66685837143899 109.5158730095827 108.43494882292201 107.04573716472552 87.3057157101439 324.80609275989707 340.53413299164754 52.666804261814185 60.13583550374804 54.117862753795784 148.49573328079583 181.548157698978 170.21759296819272 121.32869286780416 358.38646106711883 351.2885624480496 345.9637565320735 167.19573393471325 176.82016988013578 244.9831065219 96.3401917459099 99.57842291946075 94.85660393394318 90.0 270.0 282.2004687273808 305.3947958449871 323.89585696966327 329.2645122980799 339.89841602183526 17.389868097029975 36.285267125138844 29.335266974278184 38.29016319224307 46.930587441166985 38.65980825409009 128.29016319224306 142.30575953331083 180.0 277.38604315126724 44.81096157492448 63.4304483738733 -9999.0 -9999.0 -9999.0
-9999.0 -9999.0 288.4305538794429 283.0693178962822 61.18920625702693 91.99556131570775 104.37277868446185 130.3084284341732 139.12081795075358 132.45519562018688 116.21137801783154 344.95360816780146 328.50350009374984 356.5222134802018 36.179620447978934 39.594245985021736 38.25830270645574 55.98065001017354 115.38790629109593 181.68468431789628 196.0816519568137 210.96375653207352 195.52411099675425 161.04181659489382 160.52685579699835 190.02206777251547 187.65397110251413 165.49983323344742 141.57516970197403 124.41267868176286 209.35775354279127 288.92464441605125 313.3939970107177 303.50730648869 307.71597634558316 324.2933085993971 343.3007557660064 28.984560393734313 53.8319086509693 67.34476729132021 64.29004621918874 29.167613379577794 21.90870482818191 35.41705527646742 45.0 263.418055344822 251.56505117707798 224.29268063145574 90.04781209629063 -9999.0 -9999.0 -9999.0
333.49979472978873 341.7274397027927 314.77708176552767 218.6598082540901 156.85421664145753 113.77418562665959 112.1184352120825 130.36453657309735 126.81496402939456 116.56505117707799 346.10880882854514 333.1659565292255 337.95117042507434 1.2293344864778817 31.00239157646265 43.35402250243595 61.10627412096757 69.6361296498905 82.37892869070295 153.19421167020022 190.12467165539783 194.8797217520032 180.92404535277274 165.51526643967702 156.27160892404746 180.34515112316416 196.02297984742847 173.88449643371462 133.30535293146283 114.22774531795417 304.7778313663639 320.1281910418528 321.6721999971994 318.92271289051047 326.78967061264757 340.20112364547504 354.15543412261314 52.39959465988711 81.06438615741826 84.12260739335686 62.65012421993012 25.20112364547508 52.00126755749533 71.56505117707799 81.86989764584402 278.13010235415595 250.46334506187162 90.20337600075617 90.04362443378808 -9999.0 -9999.0 -9999.0
315.1357520401666 116.20011484134734 166.53479190518829 196.69924423399362 165.26967861915512 127.55945248838609 119.60445074600491 119.0165843438658 81.0273733851036 16.417232830434784 323.21278018928587 325.6267878267859 347.65515955576154 7.233479597498643 38.359636647991024 62.10272896905237 67.14518003822329 73.19672359796425 88.865578369023 109.1481374579396 161.16156644201925 178.02506598911802 172.93327028359892 184.35107795157387 189.65989307844234 325.4914770123316 332.62229722866823 89.60679984281542 16.429301451533405 270.3705868987648 317.6025622024998 322.0763781776368 325.3327005159218 325.304846468766 336.01581629737376 354.36405930170656 78.36636600105956 110.79411495550364 103.22306765270133 90.48146580583835 95.07960786001458 158.68208772453846 129.8055710922652 113.19859051364818 109.17900802581073 282.3390872783262 307.18470645323316 134.9690034174417 116.56899150733912 -9999.0 -9999.0 -9999.0
129.88958243896877 135.0 155.22485943116808 172.6004053401129 149.3764179751461 121.53479190518829 117.08355086436866 348.69006752597977 25.463345061871607 352.59627114721195 313.75162127648093 313.81269268427116 336.3706222693432 27.398818632214393 55.14554443389634 61.26569123319351 64.59679443569945 68.80594351845772 65.17945866451092 54.430823706793646 45.40634623330903 75.37912601136834 261.25383773744477 89.80283704969847 89.47663694186028 346.13897243697886 350.2563587129628 180.1829433958966 179.91519280984278 179.81734820347458 335.3110184331615 330.71325957455 332.43146294556175 327.785737733655 271.090109782289 270.590483299633 89.2882877939643 115.12495781528183 119.8459319496874 109.17900802581073 108.94650468950906 132.51044707800085 122.73522627210761 108.43494882292201 98.13010235415598 277.6960517220166 89.87014183362565 108.38202855268372 -9999.0 -9999.0 -9999.0 -9999.0
121.38581725517065 140.3558250428552 153.83843355798075 163.11320887605595 146.88865803962798 115.83675422400157 81.52885536698517 325.69934337430414 6.853635171650211 343.922510316944 312.9954659678941 311.5317707410828 334.3467410151644 41.104151986912484 62.06869861499828 71.70212215843264 75.49335840247566 61.266437252561616 45.4464515837716 47.576571830268826 57.48546749085715 66.41296947487176 309.0938588862295 180.32730415280625 161.67723321268733 166.06346060108731 180.06889043366692 153.38102234192155 -9999.0 206.64485808886624 180.14613370974422 180.19211171044861 180.19167075701665 180.17724747973963 180.02972736201923 224.5733491321093 269.9601757132357 99.2666072407592 111.80140948635182 122.27564431457763 98.23561932420951 83.33334010909863 81.57303097851933 90.0 99.46232220802561 277.25319461272534 135.0903183953579 116.5464835438647 -9999.0 -9999.0 -9999.0 -9999.0
269.55164151430824 269.3288579580158 144.81125686799604 167.92786265316414 167.63350284678518 133.2642954110716 329.74356283647074 320.1021652523582 350.4978059963834 343.96273494288556 323.658721232367 321.8182145716519 338.422182664527 47.787480842032025 71.69294332965691 72.54228313517642 62.94940299291388 48.47375600525991 51.121367426618335 63.966270032837414 75.96375653207352 84.53615718676336 143.13010235415598 90.07042943093617 -9999.0 -9999.0 -9999.0 -9999.0 -9999.0 -9999.0 -9999.0 -9999.0 -9999.0 -9999.0 -9999.0 224.83734188021356 224.33958346558586 87.0185387800178 71.4130733385141 36.0273733851036 24.928474135461272 47.366247991455786 71.09542415738835 81.0273733851036 23.96248897457818 89.87588566584584 108.42424954138944 -9999.0 -9999.0 -9999.0 -9999.0 -9999.0
179.71718714108874 224.46911266166666 269.8045854114913 149.69731927951193 145.76253722314246 331.26020470831196 304.22481260771644 300.9637565320735 335.045249425421 337.56411169332523 322.1635474658323 322.6241925044518 352.95796082627055 58.869686438505035 65.427795227816 57.687521373869984 49.93921554212619 41.45022013237669 45.72891461075794 62.69515921125556 70.267310500339 66.9649555108147 138.01278750418334 45.19219112046854 63.52732222617243 -9999.0 -9999.0 -9999.0 -9999.0 -9999.0 -9999.0 -9999.0 -9999.0 -9999.0 -9999.0 -9999.0 251.59643445268836 57.89875110416445 44.68345195272698 8.702223789946785 18.572348510407295 36.649247467668594 39.600026576674935 19.653824058053303 355.56352551434264 134.80487668412883 116.52622871106618 -9999.0 -9999.0 -9999.0 -9999.0 -9999.0
-9999.0 213.5857161573478 224.91369027545522 270.43405063213936 0.46580908276499144 324.8982599441525 316.679199893723 311.11209043916693 310.49509313639294 309.902600262021 305.47533202821 317.43664824681014 14.588918732874646 56.09720159691652 63.23940084665115 59.788677614165174 50.25027272973305 46.49433359126653 60.76718254247568 70.75322199454138 62.4471884232822 41.009086901570214 33.58664565362278 89.53758785992616 89.94511765399503 -9999.0 -9999.0 -9999.0 -9999.0 -9999.0 -9999.0 -9999.0 -9999.0 -9999.0 -9999.0 -9999.0 270.0991782988131 270.4979164201258 46.48401467566211 5.511477416020611 9.81125686799605 28.712636605376503 20.81264648325937 89.0404175034642 89.02717794455413 116.28769022185773 -9999.0 -9999.0 -9999.0 -9999.0 -9999.0 -9999.0
-9999.0 -9999.0 213.6734246780223 179.76342812972874 271.1244855136576 271.1212754173735 333.22507511135444 337.9391005327917 89.1430048706562 317.08677727557074 302.4711922908485 89.56195892843276 270.35709823053645 270.31852392349543 72.17383820159738 61.60124698717081 65.28255908891661 82.72499504211075 85.06397588991601 70.584534544037 52.32032193724508 88.59357691868746 88.3844360601974 179.70600069331266 123.52655905370331 -9999.0 -9999.0 -9999.0 -9999.0 -9999.0 -9999.0 -9999.0 -9999.0 -9999.0 -9999.0 -9999.0 236.28673528166578 179.2705143131427 270.6400242219168 270.7028435500073 8.383248480929353 35.19390724010291 89.20689514419041 134.41125933128552 180.0112528534422 134.9681887667253 -9999.0 -9999.0 -9999.0 -9999.0 -9999.0 -9999.0
-9999.0 -9999.0 -9999.0 206.6004831855559 180.0129448552357 180.70287694203714 338.4399360934349 350.58901808245685 180.31205328998902 180.2045084737717 180.34176411379767 180.19191126549478 198.33248925623548 224.53234621055879 77.19573393471325 84.65291839970064 95.44033203100551 95.45391888859126 89.60177810572841 89.05142689424349 29.09861006547257 179.63389776516868 179.8479873157146 153.29292918395907 -9999.0 -9999.0 -9999.0 -9999.0 -9999.0 -9999.0 -9999.0 -9999.0 -9999.0 -9999.0 -9999.0 -9999.0 -9999.0 206.51141078361704 179.9347046296295 225.24383420851444 270.3968330209542 19.98310652189997 134.56024146933316 134.8674791317935 -9999.0 -9999.0 -9999.0 -9999.0 -9999.0 -9999.0 -9999.0 -9999.0
-9999.0 -9999.0 -9999.0 -9999.0 -9999.0 206.71876218925814 180.09637400959866 180.0192609346148 153.4321988455057 -9999.0 180.0493810761732 -9999.0 -9999.0 251.47485458971764 269.88798493349873 97.95488644925065 91.21887523513129 89.61879618034385 134.3380685029401 179.80092145683506 179.84515068925936 153.33838518887913 -9999.0 -9999.0 -9999.0 -9999.0 -9999.0 -9999.0 -9999.0 -9999.0 -9999.0 -9999.0 -9999.0 -9999.0 -9999.0 -9999.0 -9999.0 -9999.0 -9999.0 213.69737620945273 179.8138838395833 7.645013271670706 116.31200728626524 -9999.0 -9999.0 -9999.0 -9999.0 -9999.0 -9999.0 -9999.0 -9999.0 -9999.0
-9999.0 -9999.0 -9999.0 -9999.0 -9999.0 -9999.0 -9999.0 -9999.0 -9999.0 -9999.0 -9999.0 -9999.0 -9999.0 243.37287324643768 224.4674957438158 73.352303911804 89.44169550554187 134.3432403863203 146.2138560221831 -9999.0 -9999.0 -9999.0 -9999.0 -9999.0 -9999.0 -9999.0 -9999.0 -9999.0 -9999.0 -9999.0 -9999.0 -9999.0 -9999.0 -9999.0 -9999.0 -9999.0 -9999.0 -9999.0 -9999.0 -9999.0 206.62198080210817 179.98044798708023 134.92558752258338 -9999.0 -9999.0 -9999.0 -9999.0 -9999.0 -9999.0 -9999.0 -9999.0 -9999.0
-9999.0 -9999.0 -9999.0 -9999.0 -9999.0 -9999.0 -9999.0 -9999.0 -9999.0 -9999.0 -9999.0 -9999.0 -9999.0 -9999.0 243.39079023473815 60.255118703057775 179.32491299070546 146.17799127557177 -9999.0 -9999.0 -9999.0 -9999.0 -9999.0 -9999.0 -9999.0 -9999.0 -9999.0 -9999.0 -9999.0 -9999.0 -9999.0 -9999.0 -9999.0 -9999.0 -9999.0 -9999.0 -9999.0 -9999.0 -9999.0 -9999.0 -9999.0 -9999.0 -9999.0 -9999.0 -9999.0 -9999.0 -9999.0 -9999.0 -9999.0 -9999.0 -9999.0 -9999.0
