src/main/results/Aspect.asc
ncols    218
nrows    236
xllcorner    466515.47101027
yllcorner    2626221.2241437
cellsize    90.0
NODATA_value    -9999
[rows 92 to 114 of 236, columns 104 to 155 of 218]
136.5911402711946 152.0674048184644 171.2538377374448 147.66981426494965 71.11391263029071 321.2590363051222 306.08015621633774 270.0 150.07787014393645 161.65018600225818 188.68252388126825 201.03751102542182 232.12501634890182 261.52312177553904 273.4473868518652 266.72951207681643 110.48035731180924 95.59933933652057 85.05698928138646 95.62674571514073 131.9335144988741 136.89338584574628 108.10848067793056 101.23928419969768 236.915147071265 240.12400730831058 195.94539590092285 175.0302592718897 211.32869286780416 226.97493401088198 281.53462065364477 293.8601751913423 108.4564921189673 -9999.0 -9999.0 -9999.0 -9999.0 -9999.0 -9999.0 -9999.0 -9999.0 -9999.0 -9999.0 -9999.0 -9999.0 -9999.0 -9999.0 -9999.0 -9999.0 -9999.0 -9999.0 -9999.0
133.92717072420845 149.54963277012234 176.2604966370689 199.17900802581073 327.9946167919165 313.0443186024771 288.434948822922 136.63657704161673 136.10881212775993 169.74583532209581 194.94872708078708 218.55458196374033 256.2392148882087 261.3571974199955 247.8823336730125 195.3408907640049 143.8319086509693 136.60226134627098 123.87081071038881 97.45207744340468 86.3282999016293 62.89187712919822 61.542983404562534 73.58921540312227 190.00797980144137 212.52953827833113 199.598811324586 207.89727103094765 203.78203042322139 211.80938928779318 258.82616175818526 267.81835859644855 90.02617818287838 -9999.0 -9999.0 -9999.0 -9999.0 -9999.0 -9999.0 -9999.0 -9999.0 -9999.0 -9999.0 -9999.0 -9999.0 -9999.0 -9999.0 -9999.0 -9999.0 -9999.0 -9999.0 -9999.0
133.37502364247524 137.3662479914558 206.56505117707798 262.19359917076423 244.39781244855823 208.09768296743596 169.1031092446745 148.46520809481171 144.2382929312931 162.8696984731564 230.37670542805077 263.204055983981 257.05881413401215 240.40510731204523 221.6335393365702 177.436229788535 140.97670238291713 144.23712939983676 142.77642919490953 104.12318692093959 84.0531369460265 79.99202019855866 78.44899273747473 81.16462678655051 113.87528085392752 210.80144597613685 205.92490150755447 208.7292687844552 225.37943670141897 283.5859912078889 313.70393650198287 329.95863607372087 89.97978790492913 -9999.0 -9999.0 -9999.0 -9999.0 -9999.0 -9999.0 -9999.0 -9999.0 -9999.0 -9999.0 -9999.0 -9999.0 -9999.0 -9999.0 -9999.0 -9999.0 -9999.0 -9999.0 -9999.0
130.2963852957068 138.39713291933975 216.35306829204694 214.83430512045732 188.33997606572353 185.41186915231702 158.89109240154738 153.623111625988 161.56505117707798 201.898192805639 269.00075632974267 274.42128942143063 266.23147029086465 261.2249442555203 247.97694450318878 152.78388844269253 127.74680538727466 139.47946045235028 160.08937386892862 134.683451952727 113.82426058289542 133.66778014613035 136.864785259339 108.8531587644191 102.39540683375846 214.7778313663639 243.43494882292202 277.68398182973397 303.92979742206063 314.4062826037874 330.8759465052226 11.100570021505305 71.43641789350416 -9999.0 -9999.0 -9999.0 -9999.0 -9999.0 -9999.0 -9999.0 -9999.0 -9999.0 -9999.0 -9999.0 -9999.0 -9999.0 -9999.0 -9999.0 -9999.0 -9999.0 -9999.0 -9999.0
132.15786211634435 148.9845791180759 186.4074402825332 201.40318285279375 193.9582900745114 183.5541782355321 151.10514208414887 153.91946817796673 185.71059313749964 258.95905981967627 281.3667171724877 288.900757905687 299.3577535427913 299.869799222952 213.02386755579664 153.9767367358344 145.32095436249773 138.69138598645128 156.17055052203517 161.70722403543496 123.40782458970892 128.1402399944742 155.07542964456354 141.49352531253925 126.2926297284796 317.20259816176576 304.99202019855863 307.2208628090856 314.59933674420785 317.24833314235093 337.7749695488864 34.11447294534126 63.34836460546565 63.393701148501606 -9999.0 -9999.0 -9999.0 -9999.0 -9999.0 -9999.0 -9999.0 -9999.0 -9999.0 -9999.0 -9999.0 -9999.0 -9999.0 -9999.0 -9999.0 -9999.0 -9999.0 -9999.0
98.29714496983688 123.26487474140086 163.5295715603914 198.6819118603483 199.2447292398329 183.90681638410342 158.58703052512823 151.7746664539392 244.33480853782643 275.85601358542897 275.76263288659845 276.36943920611225 280.771454160198 277.6506509553594 137.72631099390628 147.7668520837213 153.1130658075233 146.1396631995877 147.82878287145542 173.75808565258495 133.45184230102205 116.44493441486804 138.26203347739676 154.72227776444703 198.43494882292202 307.8749836510982 308.82480644308316 310.50284838533224 312.9673912233534 315.295336453947 339.98123960621604 89.516846360942 134.56615737803864 123.66128843985751 -9999.0 -9999.0 -9999.0 -9999.0 -9999.0 -9999.0 -9999.0 -9999.0 -9999.0 -9999.0 -9999.0 -9999.0 -9999.0 -9999.0 -9999.0 -9999.0 -9999.0 -9999.0
64.62843824690404 59.79676224505734 102.84770485871766 172.32552048310606 176.52368725079884 177.56909166295958 172.8749836510982 227.72631099390628 266.7191192273906 261.3474582088853 254.33526697427817 252.9920530445927 251.85442134051857 159.59011716619602 106.77651428763784 99.29330859939711 123.69006752597979 149.2645122980799 144.46232220802563 161.33768816608745 154.67581859805279 119.33526697427818 135.0 263.6598082540901 276.2034479016918 279.6052041550129 281.7456334252879 282.0456323852658 281.6715782182364 278.18503597060544 89.95615399400911 134.5819894744097 146.20600731104795 -9999.0 -9999.0 -9999.0 -9999.0 -9999.0 -9999.0 -9999.0 -9999.0 -9999.0 -9999.0 -9999.0 -9999.0 -9999.0 -9999.0 -9999.0 -9999.0 -9999.0 -9999.0 -9999.0
55.79454206189526 44.2701569359759 54.46232220802562 80.0493733120484 175.95551442581888 198.43494882292202 248.96248897457818 302.73522627210764 305.4284043462434 303.9828883812108 301.21840276434637 281.58341860468704 230.46384281323665 174.53812415368606 158.49219735548115 137.75910765862028 94.23639479905884 114.13237959458081 140.75456533110219 178.8876003837022 175.64577893693038 134.65691560047648 1.7098140441415381 351.25383773744477 339.48068283917627 319.2363947990588 305.5926641277931 279.5829447235326 259.6026664775637 252.06110613747322 135.01095102806104 134.90871242904979 -9999.0 -9999.0 -9999.0 -9999.0 -9999.0 -9999.0 -9999.0 -9999.0 -9999.0 -9999.0 -9999.0 -9999.0 -9999.0 -9999.0 -9999.0 -9999.0 -9999.0 -9999.0 -9999.0 -9999.0
119.10985555689108 70.40771810894847 69.73430252905248 79.74583532209581 102.99461679191651 251.33308572577977 276.44675537910456 299.2579600491291 321.4166370367901 331.3895403340348 320.6306827576352 216.5910882673993 170.30555571480582 164.9536081678015 183.4777865197982 190.53918372862825 148.877529803208 118.28077119077457 117.42874122167757 170.98067756861832 204.33124191693508 248.19859051364818 320.03378695620006 336.8791513375753 334.49586051318624 324.5726335455671 329.5889187328746 317.77916686407207 300.55868707071136 89.39708346675144 108.27375655162578 -9999.0 -9999.0 -9999.0 -9999.0 -9999.0 -9999.0 -9999.0 -9999.0 -9999.0 -9999.0 -9999.0 -9999.0 -9999.0 -9999.0 -9999.0 -9999.0 -9999.0 -9999.0 -9999.0 -9999.0 -9999.0
168.09718786493045 155.7990284088415 131.3407184813392 121.820131910619 125.44571032759823 280.3590524880837 285.9088319113025 291.05357376105735 300.00815700634803 318.1221304621157 149.74356283647074 161.7628493999706 154.17367868162432 155.38512692789487 196.55707137563667 203.08931706791716 168.90110075035767 149.3578683628353 131.1214754971523 107.10272896905238 303.57289840605483 301.24692941347695 254.4501958302984 237.94262426579456 278.1980688460163 299.7085721893103 316.706178294447 319.73093862377925 317.02476508156104 134.858378383937 116.48345671501926 -9999.0 -9999.0 -9999.0 -9999.0 -9999.0 -9999.0 -9999.0 -9999.0 -9999.0 -9999.0 -9999.0 -9999.0 -9999.0 -9999.0 -9999.0 -9999.0 -9999.0 -9999.0 -9999.0 -9999.0 -9999.0
170.0737544933483 170.09581678702614 143.71017999001134 127.68098062440956 131.18592516570965 286.3017083443074 280.238197666513 274.6354634269027 270.0 124.82448915695679 113.82742138057043 145.76814456110785 151.574007756909 148.58599120788892 212.18263176720484 199.98310652189997 166.40351813390237 165.59331484356312 162.8696984731564 260.5376777919744 296.8739203118299 317.2906100426385 218.29016319224309 223.91907581333933 256.4487152730536 261.3763080450741 257.9052429229879 278.9726266148964 290.8435279024517 108.37572499933553 -9999.0 -9999.0 -9999.0 -9999.0 -9999.0 -9999.0 -9999.0 -9999.0 -9999.0 -9999.0 -9999.0 -9999.0 -9999.0 -9999.0 -9999.0 -9999.0 -9999.0 -9999.0 -9999.0 -9999.0 -9999.0 -9999.0
144.30994017498602 166.13453331251938 147.84770485871766 124.90249561592472 256.7594800848128 257.8686789333675 248.19859051364818 242.30052719194504 246.8997993945266 182.43664824681014 89.31522249299086 86.94341955185057 108.97040780848654 167.5500034921934 202.06789956241022 188.80679269443533 172.2522279638919 174.01940047523658 227.3532968661083 273.751729070526 283.1725534233269 342.53607310815715 0.5161642297648399 296.2947900705839 252.43310262682354 231.51980175165698 228.93722516482407 248.3728737160832 251.63552565508323 90.10051560206588 -9999.0 -9999.0 -9999.0 -9999.0 -9999.0 -9999.0 -9999.0 -9999.0 -9999.0 -9999.0 -9999.0 -9999.0 -9999.0 -9999.0 -9999.0 -9999.0 -9999.0 -9999.0 -9999.0 -9999.0 -9999.0 -9999.0
140.74415832376718 219.28940686250039 353.6598082540901 61.85839876773828 101.30993247402021 226.1457628381751 219.67425937523225 222.68472008611394 229.22028388575777 196.36491816988092 106.75574892919899 89.19307054489762 93.93017554572548 155.32313682966296 208.49563861824498 209.39605285494326 16.699244233993625 340.4782697240798 333.1380821555973 307.6476206401077 265.8608107442738 284.1842942482708 8.130102354155966 10.40771131249005 278.82037955202105 261.06438615741826 253.26851278712914 248.3340412767098 247.87805802811815 71.5628552634077 -9999.0 -9999.0 -9999.0 -9999.0 -9999.0 -9999.0 -9999.0 -9999.0 -9999.0 -9999.0 -9999.0 -9999.0 -9999.0 -9999.0 -9999.0 -9999.0 -9999.0 -9999.0 -9999.0 -9999.0 -9999.0 -9999.0
84.8055710922652 326.6502994375377 352.5429448597647 22.94356647296064 23.198590513648185 345.9637565320735 200.4622715234222 217.38145351243105 223.8678197248687 198.83375291265884 147.80426606528675 135.89517371021108 137.00955381302114 151.46001481204001 238.49573328079583 291.69510946079686 324.4623222080256 328.68092535931936 342.62924666946566 5.440332031005497 281.5466905459273 262.295002801161 287.6125778429238 29.95360816780149 306.52885536698517 285.82615407617254 263.32011393677743 255.39153306607116 259.3526722896222 44.439350589743356 63.404348235932034 -9999.0 -9999.0 -9999.0 -9999.0 -9999.0 -9999.0 -9999.0 -9999.0 -9999.0 -9999.0 -9999.0 -9999.0 -9999.0 -9999.0 -9999.0 -9999.0 -9999.0 -9999.0 -9999.0 -9999.0 -9999.0
286.02586744844973 297.10556136420865 340.3915587281097 48.63598017846984 50.946863053973495 58.079123780066816 94.96974072811031 187.00126755749534 231.10803831818265 208.76764933884382 144.57699005929368 131.26434087338234 147.31306345898946 224.51853419416165 273.6619355755198 291.6022360840739 300.30658662950873 300.6385853381866 329.5344550805401 42.51044707800085 320.9644871012531 272.76385737091255 277.8739381317256 15.255118703057775 316.0544045035218 307.8007663616323 313.8308606720926 289.9037495373078 280.28537797494744 277.9141645090476 89.96585391026613 -9999.0 -9999.0 -9999.0 -9999.0 -9999.0 -9999.0 -9999.0 -9999.0 -9999.0 -9999.0 -9999.0 -9999.0 -9999.0 -9999.0 -9999.0 -9999.0 -9999.0 -9999.0 -9999.0 -9999.0 -9999.0
302.55666579210674 303.0502427785061 352.4649362766719 47.885144653220415 41.513170228962856 33.996459148250494 40.18644910629347 35.53767779197438 249.72731438669015 217.11686068327026 152.5798514266553 128.844831656726 95.9061411137705 308.5925597174668 309.53978740785163 305.2724214485984 308.21102542556116 314.7642162301234 339.9779167633552 22.027278669171324 353.74096369487773 319.9893625696422 321.84277341263095 354.4515337062819 334.2743873566343 328.6224269112834 335.59817446163294 318.50353164478446 309.3376220933462 304.04593735660166 89.89761308340783 -9999.0 -9999.0 -9999.0 -9999.0 -9999.0 -9999.0 -9999.0 -9999.0 -9999.0 -9999.0 -9999.0 -9999.0 -9999.0 -9999.0 -9999.0 -9999.0 -9999.0 -9999.0 -9999.0 -9999.0 -9999.0
317.76786982088765 315.95087998593647 358.6921043983362 56.421186274999286 56.53462065364471 47.03503445685989 58.13402230639632 87.39743779750019 198.24585452757827 190.12467165539783 168.29942053718418 168.50343698241423 323.93956500315153 326.66877400036896 333.87231269044275 329.9777205295517 327.65850930879765 336.6258356349518 354.21760767763595 2.395005516872345 354.4602119264455 348.07926146007765 333.6692860827842 339.7585475257067 323.59381706328764 321.57682758994974 341.33541000388135 338.8752808539275 328.3799631270613 316.5960638579757 89.89771544086179 -9999.0 -9999.0 -9999.0 -9999.0 -9999.0 -9999.0 -9999.0 -9999.0 -9999.0 -9999.0 -9999.0 -9999.0 -9999.0 -9999.0 -9999.0 -9999.0 -9999.0 -9999.0 -9999.0 -9999.0 -9999.0
326.88865803962796 310.9143832200251 62.94940299291388 104.55757375292895 117.14377674268576 132.83074241027148 129.76441033820157 122.38067770656923 161.56505117707798 188.74616226255523 232.43140797117252 314.71208393344295 324.14164022352486 322.04917816749526 317.3532968661083 310.9314203231546 306.57303097851934 300.4933584024757 308.6598082540901 307.69424046668917 315.5562522270807 27.349875780069866 207.69947280805502 213.0434157568509 244.02560603756868 277.0975758435702 322.0610939735861 335.86221854061625 325.63721450929006 289.732689499661 89.98181086425768 -9999.0 -9999.0 -9999.0 -9999.0 -9999.0 -9999.0 -9999.0 -9999.0 -9999.0 -9999.0 -9999.0 -9999.0 -9999.0 -9999.0 -9999.0 -9999.0 -9999.0 -9999.0 -9999.0 -9999.0 -9999.0
314.82038999425293 294.92177052258523 103.54317664244475 96.79383056048641 100.63377449211208 122.73522627210761 141.2824920881614 131.67687955486457 145.7842978675626 246.3706222693432 295.68814343564736 297.4075754378184 290.0952311919048 256.8093892877931 223.8542371618249 227.41950921665634 213.02386755579664 188.8353732134495 193.29440730067432 201.07272661995057 190.22216863363613 163.01634764408567 178.86332812240124 193.35230429874275 230.51931036436528 254.1328502498372 258.2094990979686 216.15818543980834 192.05676253383263 227.24574256589506 71.54048999660495 -9999.0 -9999.0 -9999.0 -9999.0 -9999.0 -9999.0 -9999.0 -9999.0 -9999.0 -9999.0 -9999.0 -9999.0 -9999.0 -9999.0 -9999.0 -9999.0 -9999.0 -9999.0 -9999.0 -9999.0 -9999.0
236.19204008995808 180.0 101.46395301569255 81.46923439005187 81.80388871247531 93.08648926378108 116.3330857257798 141.14662565964667 161.56505117707798 293.96248897457815 280.25681984169637 254.6148116463464 213.8708107103888 195.58092384825162 205.8128522129835 219.8055710922652 186.67446904711758 182.683775159469 197.64022857589845 211.54676469354462 194.54963277012234 157.45154645600388 183.49705973929827 219.42136374460662 262.44365594356054 264.217607677636 240.843082117687 185.98814837577552 190.2613747172344 252.8696984731564 44.44146187656487 63.34789804267018 -9999.0 -9999.0 -9999.0 -9999.0 -9999.0 -9999.0 -9999.0 -9999.0 -9999.0 -9999.0 -9999.0 -9999.0 -9999.0 -9999.0 -9999.0 -9999.0 -9999.0 -9999.0 -9999.0 -9999.0
207.14231909444243 192.16220351968184 139.666858371439 110.05208214609854 94.74489920545649 90.52085637450196 90.0 90.0 270.0 257.61924307119284 235.52078431387437 201.80140948635182 192.77873318840605 198.43494882292202 219.41013104017222 209.74488129694225 175.75315739297653 184.06494730774273 225.75716886505853 246.15318202476098 193.43818815835067 160.7307056015312 250.46334506187162 294.1975817095205 285.2221332262684 271.47352146740417 234.30205471129884 192.87500155961249 224.64849656012666 266.0652179436306 265.8553762588957 90.06352884309567 -9999.0 -9999.0 -9999.0 -9999.0 -9999.0 -9999.0 -9999.0 -9999.0 -9999.0 -9999.0 -9999.0 -9999.0 -9999.0 -9999.0 -9999.0 -9999.0 -9999.0 -9999.0 -9999.0 -9999.0
228.81407483429035 189.46232220802563 149.74356283647074 144.0970279258003 118.96005669395034 103.507838875273 98.13010235415598 90.0 90.0 200.5560452195835 198.43494882292202 184.87927378300674 208.393019421383 243.66231183391255 231.84277341263095 188.21587441510312 168.19756579221644 207.68835389115344 255.8931952629269 231.53213668785247 181.09469059185304 207.5972958686437 310.1965142409309 316.13817700748814 288.434948822922 263.3455749539934 209.40718906073369 206.56505117707798 249.573975236911 254.0178760403174 233.3786725062156 71.7338880614739 -9999.0 -9999.0 -9999.0 -9999.0 -9999.0 -9999.0 -9999.0 -9999.0 -9999.0 -9999.0 -9999.0 -9999.0 -9999.0 -9999.0 -9999.0 -9999.0 -9999.0 -9999.0 -9999.0 -9999.0
239.0917088712326 163.25802961470689 134.81457741265606 149.28470582855712 144.42803389403807 134.03982543333365 67.01128319791937 12.804266065286754 22.619864948040416 33.690067525979785 80.90972307917768 87.13759477388825 288.434948822922 284.3645824496972 227.04540848888723 172.1082975717643 206.56505117707798 245.44179655841657 239.2372804657611 212.90524292298792 246.4252937980874 304.8835569499618 310.1261035777952 294.1455419604216 258.111341960372 243.84322537694703 208.56583679374657 239.1231869209396 256.3730051401085 245.40422845905545 219.8055710922652 45.27721334494661 45.160094477532304 -9999.0 -9999.0 -9999.0 -9999.0 -9999.0 -9999.0 -9999.0 -9999.0 -9999.0 -9999.0 -9999.0 -9999.0 -9999.0 -9999.0 -9999.0 -9999.0 -9999.0 -9999.0 -9999.0
