src/main/results/FlowLength.asc
ncols    218
nrows    236
xllcorner    466515.47101027
yllcorner    2626221.2241437
cellsize    90.0
NODATA_value    -9999
[rows 168 to 191 of 236, columns 54 to 107 of 218]
741.8376618407357 704.5584412271571 561.8376618407357 397.27922061357856 307.27922061357856 217.27922061357856 127.27922061357856 90.0 90.0 0.0 217.27922061357856 127.27922061357856 90.0 127.27922061357856 127.27922061357856 254.55844122715712 254.55844122715712 254.55844122715712 217.27922061357856 254.55844122715712 254.55844122715712 254.55844122715712 254.55844122715712 127.27922061357856 0.0 0.0 127.27922061357856 217.27922061357856 381.8376618407357 471.8376618407357 636.3961030678928 726.3961030678928 816.3961030678928 996.3961030678928 959.1168824543142 921.8376618407357 959.1168824543142 996.3961030678928 127.27922061357856 90.0 -9999.0 -9999.0 -9999.0 -9999.0 -9999.0 -9999.0 -9999.0 -9999.0 -9999.0 -9999.0 -9999.0 -9999.0 -9999.0 -9999.0
704.5584412271571 614.5584412271571 524.5584412271571 434.5584412271571 270.0 180.0 90.0 0.0 0.0 90.0 127.27922061357856 217.27922061357856 180.0 217.27922061357856 254.55844122715712 254.55844122715712 381.8376618407357 381.8376618407357 561.8376618407357 471.8376618407357 381.8376618407357 217.27922061357856 127.27922061357856 127.27922061357856 0.0 0.0 127.27922061357856 254.55844122715712 344.5584412271571 509.11688245431424 599.1168824543142 763.6753236814714 869.1168824543142 906.3961030678928 869.1168824543142 831.8376618407357 869.1168824543142 980.9545442950499 254.55844122715712 127.27922061357856 -9999.0 -9999.0 -9999.0 -9999.0 -9999.0 -9999.0 -9999.0 -9999.0 -9999.0 -9999.0 -9999.0 -9999.0 -9999.0 -9999.0
667.2792206135786 577.2792206135786 487.27922061357856 397.27922061357856 307.27922061357856 217.27922061357856 127.27922061357856 90.0 127.27922061357856 127.27922061357856 217.27922061357856 307.27922061357856 344.5584412271571 307.27922061357856 344.5584412271571 381.8376618407357 381.8376618407357 509.11688245431424 524.5584412271571 434.5584412271571 344.5584412271571 254.55844122715712 90.0 0.0 0.0 0.0 127.27922061357856 254.55844122715712 381.8376618407357 471.8376618407357 636.3961030678928 726.3961030678928 779.1168824543142 741.8376618407357 779.1168824543142 741.8376618407357 853.6753236814714 816.3961030678928 853.6753236814714 127.27922061357856 -9999.0 -9999.0 -9999.0 -9999.0 -9999.0 -9999.0 -9999.0 -9999.0 -9999.0 -9999.0 -9999.0 -9999.0 -9999.0 -9999.0
704.5584412271571 614.5584412271571 524.5584412271571 434.5584412271571 344.5584412271571 307.27922061357856 217.27922061357856 180.0 217.27922061357856 254.55844122715712 434.5584412271571 397.27922061357856 434.5584412271571 397.27922061357856 434.5584412271571 471.8376618407357 509.11688245431424 689.1168824543142 561.8376618407357 397.27922061357856 307.27922061357856 217.27922061357856 127.27922061357856 0.0 0.0 0.0 127.27922061357856 254.55844122715712 344.5584412271571 509.11688245431424 599.1168824543142 726.3961030678928 689.1168824543142 651.8376618407357 614.5584412271571 651.8376618407357 689.1168824543142 726.3961030678928 1033.6753236814714 127.27922061357856 90.0 -9999.0 -9999.0 -9999.0 -9999.0 -9999.0 -9999.0 -9999.0 -9999.0 -9999.0 -9999.0 -9999.0 -9999.0 -9999.0
794.5584412271571 831.8376618407357 689.1168824543142 599.1168824543142 434.5584412271571 344.5584412271571 307.27922061357856 344.5584412271571 307.27922061357856 561.8376618407357 524.5584412271571 487.27922061357856 524.5584412271571 487.27922061357856 524.5584412271571 599.1168824543142 561.8376618407357 599.1168824543142 561.8376618407357 434.5584412271571 344.5584412271571 254.55844122715712 127.27922061357856 0.0 0.0 0.0 127.27922061357856 217.27922061357856 381.8376618407357 471.8376618407357 614.5584412271571 651.8376618407357 599.1168824543142 561.8376618407357 524.5584412271571 561.8376618407357 599.1168824543142 689.1168824543142 943.6753236814714 906.3961030678928 127.27922061357856 90.0 -9999.0 -9999.0 -9999.0 -9999.0 -9999.0 -9999.0 -9999.0 -9999.0 -9999.0 -9999.0 -9999.0 -9999.0
217.27922061357856 127.27922061357856 90.0 561.8376618407357 471.8376618407357 434.5584412271571 471.8376618407357 434.5584412271571 689.1168824543142 651.8376618407357 614.5584412271571 577.2792206135786 614.5584412271571 577.2792206135786 614.5584412271571 561.8376618407357 471.8376618407357 434.5584412271571 381.8376618407357 344.5584412271571 381.8376618407357 217.27922061357856 127.27922061357856 0.0 0.0 0.0 127.27922061357856 254.55844122715712 344.5584412271571 561.8376618407357 524.5584412271571 561.8376618407357 434.5584412271571 471.8376618407357 434.5584412271571 471.8376618407357 561.8376618407357 651.8376618407357 853.6753236814714 816.3961030678928 127.27922061357856 127.27922061357856 -9999.0 -9999.0 -9999.0 -9999.0 -9999.0 -9999.0 -9999.0 -9999.0 -9999.0 -9999.0 -9999.0 -9999.0
180.0 90.0 0.0 599.1168824543142 561.8376618407357 599.1168824543142 561.8376618407357 599.1168824543142 561.8376618407357 741.8376618407357 704.5584412271571 667.2792206135786 704.5584412271571 509.11688245431424 471.8376618407357 509.11688245431424 471.8376618407357 344.5584412271571 344.5584412271571 254.55844122715712 217.27922061357856 254.55844122715712 127.27922061357856 0.0 0.0 0.0 127.27922061357856 254.55844122715712 254.55844122715712 397.27922061357856 434.5584412271571 254.55844122715712 344.5584412271571 307.27922061357856 344.5584412271571 434.5584412271571 524.5584412271571 614.5584412271571 689.1168824543142 726.3961030678928 90.0 -9999.0 -9999.0 -9999.0 -9999.0 -9999.0 -9999.0 -9999.0 -9999.0 -9999.0 -9999.0 -9999.0 -9999.0 -9999.0
217.27922061357856 127.27922061357856 90.0 127.27922061357856 726.3961030678928 689.1168824543142 726.3961030678928 509.11688245431424 471.8376618407357 434.5584412271571 397.27922061357856 434.5584412271571 381.8376618407357 344.5584412271571 381.8376618407357 344.5584412271571 381.8376618407357 344.5584412271571 217.27922061357856 217.27922061357856 127.27922061357856 90.0 127.27922061357856 0.0 0.0 0.0 127.27922061357856 127.27922061357856 217.27922061357856 307.27922061357856 344.5584412271571 381.8376618407357 127.27922061357856 217.27922061357856 307.27922061357856 397.27922061357856 487.27922061357856 509.11688245431424 599.1168824543142 689.1168824543142 127.27922061357856 -9999.0 -9999.0 -9999.0 -9999.0 -9999.0 -9999.0 -9999.0 -9999.0 -9999.0 -9999.0 -9999.0 -9999.0 -9999.0
127.27922061357856 127.27922061357856 127.27922061357856 217.27922061357856 254.55844122715712 853.6753236814714 561.8376618407357 471.8376618407357 381.8376618407357 344.5584412271571 307.27922061357856 344.5584412271571 344.5584412271571 254.55844122715712 217.27922061357856 254.55844122715712 217.27922061357856 254.55844122715712 127.27922061357856 90.0 90.0 0.0 0.0 0.0 0.0 0.0 0.0 90.0 254.55844122715712 217.27922061357856 254.55844122715712 0.0 90.0 180.0 344.5584412271571 344.5584412271571 381.8376618407357 471.8376618407357 561.8376618407357 651.8376618407357 127.27922061357856 -9999.0 -9999.0 -9999.0 -9999.0 -9999.0 -9999.0 -9999.0 -9999.0 -9999.0 -9999.0 -9999.0 -9999.0 -9999.0
-9999.0 -9999.0 90.0 127.27922061357856 344.5584412271571 689.1168824543142 524.5584412271571 434.5584412271571 344.5584412271571 254.55844122715712 217.27922061357856 254.55844122715712 307.27922061357856 217.27922061357856 127.27922061357856 90.0 127.27922061357856 127.27922061357856 90.0 0.0 0.0 0.0 0.0 127.27922061357856 127.27922061357856 127.27922061357856 127.27922061357856 127.27922061357856 90.0 127.27922061357856 127.27922061357856 381.8376618407357 217.27922061357856 180.0 217.27922061357856 254.55844122715712 344.5584412271571 434.5584412271571 599.1168824543142 689.1168824543142 127.27922061357856 -9999.0 -9999.0 -9999.0 127.27922061357856 -9999.0 -9999.0 -9999.0 -9999.0 -9999.0 -9999.0 -9999.0 -9999.0 -9999.0
-9999.0 -9999.0 -9999.0 90.0 741.8376618407357 651.8376618407357 561.8376618407357 397.27922061357856 307.27922061357856 217.27922061357856 127.27922061357856 90.0 270.0 180.0 90.0 0.0 0.0 90.0 0.0 0.0 0.0 0.0 127.27922061357856 127.27922061357856 254.55844122715712 127.27922061357856 90.0 90.0 0.0 0.0 90.0 217.27922061357856 127.27922061357856 90.0 127.27922061357856 217.27922061357856 381.8376618407357 471.8376618407357 561.8376618407357 599.1168824543142 127.27922061357856 90.0 127.27922061357856 127.27922061357856 127.27922061357856 -9999.0 -9999.0 -9999.0 -9999.0 -9999.0 -9999.0 -9999.0 -9999.0 -9999.0
-9999.0 -9999.0 -9999.0 127.27922061357856 704.5584412271571 614.5584412271571 524.5584412271571 434.5584412271571 270.0 180.0 90.0 0.0 307.27922061357856 217.27922061357856 127.27922061357856 90.0 127.27922061357856 127.27922061357856 0.0 0.0 0.0 0.0 0.0 90.0 254.55844122715712 90.0 0.0 0.0 90.0 127.27922061357856 127.27922061357856 180.0 90.0 0.0 90.0 180.0 344.5584412271571 434.5584412271571 471.8376618407357 434.5584412271571 471.8376618407357 381.8376618407357 344.5584412271571 254.55844122715712 127.27922061357856 -9999.0 -9999.0 -9999.0 -9999.0 -9999.0 -9999.0 -9999.0 -9999.0 -9999.0
-9999.0 -9999.0 127.27922061357856 127.27922061357856 667.2792206135786 577.2792206135786 487.27922061357856 397.27922061357856 307.27922061357856 217.27922061357856 127.27922061357856 90.0 127.27922061357856 434.5584412271571 217.27922061357856 127.27922061357856 90.0 0.0 0.0 0.0 127.27922061357856 127.27922061357856 127.27922061357856 127.27922061357856 180.0 127.27922061357856 0.0 0.0 127.27922061357856 217.27922061357856 217.27922061357856 127.27922061357856 90.0 127.27922061357856 127.27922061357856 217.27922061357856 307.27922061357856 471.8376618407357 434.5584412271571 344.5584412271571 254.55844122715712 217.27922061357856 254.55844122715712 217.27922061357856 127.27922061357856 90.0 -9999.0 -9999.0 -9999.0 -9999.0 -9999.0 -9999.0 -9999.0 -9999.0
-9999.0 -9999.0 127.27922061357856 794.5584412271571 704.5584412271571 614.5584412271571 524.5584412271571 434.5584412271571 344.5584412271571 307.27922061357856 217.27922061357856 180.0 217.27922061357856 344.5584412271571 180.0 90.0 0.0 0.0 127.27922061357856 127.27922061357856 127.27922061357856 254.55844122715712 217.27922061357856 127.27922061357856 90.0 127.27922061357856 0.0 0.0 127.27922061357856 254.55844122715712 127.27922061357856 90.0 0.0 0.0 90.0 254.55844122715712 344.5584412271571 434.5584412271571 397.27922061357856 307.27922061357856 217.27922061357856 127.27922061357856 90.0 127.27922061357856 90.0 127.27922061357856 90.0 -9999.0 -9999.0 -9999.0 -9999.0 -9999.0 -9999.0 -9999.0
-9999.0 -9999.0 127.27922061357856 831.8376618407357 741.8376618407357 704.5584412271571 561.8376618407357 471.8376618407357 434.5584412271571 397.27922061357856 434.5584412271571 270.0 307.27922061357856 307.27922061357856 217.27922061357856 127.27922061357856 0.0 0.0 0.0 0.0 90.0 127.27922061357856 90.0 90.0 0.0 0.0 0.0 0.0 127.27922061357856 127.27922061357856 90.0 0.0 0.0 0.0 127.27922061357856 217.27922061357856 381.8376618407357 471.8376618407357 434.5584412271571 344.5584412271571 254.55844122715712 90.0 0.0 90.0 0.0 90.0 127.27922061357856 -9999.0 -9999.0 -9999.0 -9999.0 -9999.0 -9999.0 -9999.0
-9999.0 -9999.0 127.27922061357856 127.27922061357856 90.0 127.27922061357856 307.27922061357856 561.8376618407357 524.5584412271571 561.8376618407357 127.27922061357856 434.5584412271571 397.27922061357856 344.5584412271571 254.55844122715712 127.27922061357856 90.0 127.27922061357856 127.27922061357856 0.0 127.27922061357856 90.0 0.0 127.27922061357856 0.0 0.0 0.0 0.0 0.0 0.0 0.0 0.0 0.0 0.0 127.27922061357856 254.55844122715712 344.5584412271571 434.5584412271571 381.8376618407357 381.8376618407357 217.27922061357856 127.27922061357856 90.0 127.27922061357856 217.27922061357856 381.8376618407357 127.27922061357856 -9999.0 -9999.0 -9999.0 -9999.0 -9999.0 -9999.0 -9999.0
-9999.0 127.27922061357856 127.27922061357856 90.0 0.0 90.0 270.0 180.0 90.0 0.0 90.0 636.3961030678928 599.1168824543142 381.8376618407357 254.55844122715712 217.27922061357856 254.55844122715712 254.55844122715712 127.27922061357856 0.0 127.27922061357856 127.27922061357856 90.0 127.27922061357856 0.0 0.0 0.0 0.0 0.0 0.0 0.0 0.0 0.0 127.27922061357856 127.27922061357856 217.27922061357856 307.27922061357856 381.8376618407357 344.5584412271571 254.55844122715712 254.55844122715712 90.0 0.0 90.0 254.55844122715712 127.27922061357856 127.27922061357856 -9999.0 -9999.0 -9999.0 -9999.0 -9999.0 -9999.0 -9999.0
-9999.0 127.27922061357856 980.9545442950499 127.27922061357856 726.3961030678928 689.1168824543142 726.3961030678928 636.3961030678928 599.1168824543142 561.8376618407357 599.1168824543142 561.8376618407357 509.11688245431424 471.8376618407357 344.5584412271571 381.8376618407357 381.8376618407357 254.55844122715712 127.27922061357856 0.0 127.27922061357856 90.0 0.0 0.0 90.0 0.0 0.0 127.27922061357856 127.27922061357856 127.27922061357856 0.0 0.0 0.0 0.0 90.0 180.0 254.55844122715712 217.27922061357856 344.5584412271571 217.27922061357856 127.27922061357856 127.27922061357856 0.0 127.27922061357856 217.27922061357856 90.0 -9999.0 -9999.0 -9999.0 -9999.0 -9999.0 -9999.0 -9999.0 -9999.0
-9999.0 127.27922061357856 943.6753236814714 853.6753236814714 689.1168824543142 599.1168824543142 509.11688245431424 599.1168824543142 509.11688245431424 471.8376618407357 434.5584412271571 471.8376618407357 471.8376618407357 381.8376618407357 344.5584412271571 381.8376618407357 381.8376618407357 254.55844122715712 127.27922061357856 0.0 0.0 0.0 0.0 0.0 0.0 0.0 0.0 127.27922061357856 254.55844122715712 127.27922061357856 90.0 0.0 0.0 0.0 127.27922061357856 127.27922061357856 90.0 127.27922061357856 127.27922061357856 217.27922061357856 90.0 0.0 90.0 127.27922061357856 254.55844122715712 127.27922061357856 -9999.0 -9999.0 -9999.0 -9999.0 -9999.0 -9999.0 -9999.0 -9999.0
127.27922061357856 127.27922061357856 980.9545442950499 943.6753236814714 651.8376618407357 561.8376618407357 471.8376618407357 381.8376618407357 344.5584412271571 381.8376618407357 344.5584412271571 381.8376618407357 434.5584412271571 344.5584412271571 254.55844122715712 217.27922061357856 344.5584412271571 254.55844122715712 127.27922061357856 0.0 0.0 0.0 0.0 0.0 0.0 0.0 0.0 127.27922061357856 127.27922061357856 90.0 0.0 0.0 0.0 127.27922061357856 127.27922061357856 90.0 0.0 0.0 90.0 0.0 0.0 90.0 127.27922061357856 254.55844122715712 217.27922061357856 127.27922061357856 -9999.0 -9999.0 -9999.0 -9999.0 -9999.0 -9999.0 -9999.0 -9999.0
127.27922061357856 1288.2337649086285 1070.9545442950498 1033.6753236814714 689.1168824543142 524.5584412271571 434.5584412271571 344.5584412271571 254.55844122715712 217.27922061357856 254.55844122715712 217.27922061357856 254.55844122715712 381.8376618407357 217.27922061357856 127.27922061357856 307.27922061357856 217.27922061357856 127.27922061357856 90.0 0.0 0.0 0.0 127.27922061357856 127.27922061357856 127.27922061357856 127.27922061357856 127.27922061357856 90.0 0.0 0.0 0.0 127.27922061357856 127.27922061357856 127.27922061357856 127.27922061357856 127.27922061357856 127.27922061357856 127.27922061357856 381.8376618407357 127.27922061357856 127.27922061357856 127.27922061357856 90.0 127.27922061357856 127.27922061357856 -9999.0 -9999.0 -9999.0 -9999.0 -9999.0 -9999.0 -9999.0 -9999.0
127.27922061357856 1250.9545442950498 1160.9545442950498 1123.6753236814714 1160.9545442950498 487.27922061357856 397.27922061357856 307.27922061357856 217.27922061357856 127.27922061357856 90.0 127.27922061357856 127.27922061357856 254.55844122715712 254.55844122715712 90.0 0.0 254.55844122715712 217.27922061357856 127.27922061357856 0.0 0.0 0.0 127.27922061357856 254.55844122715712 254.55844122715712 217.27922061357856 217.27922061357856 127.27922061357856 0.0 0.0 0.0 0.0 0.0 0.0 0.0 90.0 254.55844122715712 254.55844122715712 217.27922061357856 254.55844122715712 344.5584412271571 90.0 0.0 90.0 -9999.0 -9999.0 -9999.0 -9999.0 -9999.0 -9999.0 -9999.0 -9999.0 -9999.0
127.27922061357856 1288.2337649086285 1250.9545442950498 1288.2337649086285 614.5584412271571 524.5584412271571 434.5584412271571 344.5584412271571 180.0 90.0 0.0 0.0 127.27922061357856 90.0 217.27922061357856 127.27922061357856 90.0 344.5584412271571 254.55844122715712 127.27922061357856 90.0 127.27922061357856 127.27922061357856 127.27922061357856 254.55844122715712 381.8376618407357 217.27922061357856 180.0 127.27922061357856 90.0 0.0 0.0 0.0 0.0 0.0 0.0 127.27922061357856 127.27922061357856 127.27922061357856 127.27922061357856 217.27922061357856 254.55844122715712 217.27922061357856 180.0 127.27922061357856 -9999.0 -9999.0 -9999.0 -9999.0 -9999.0 -9999.0 -9999.0 -9999.0 -9999.0
127.27922061357856 1378.2337649086285 1415.5129855222071 1378.2337649086285 651.8376618407357 561.8376618407357 471.8376618407357 307.27922061357856 217.27922061357856 127.27922061357856 90.0 127.27922061357856 90.0 0.0 0.0 90.0 180.0 344.5584412271571 254.55844122715712 217.27922061357856 180.0 254.55844122715712 217.27922061357856 254.55844122715712 254.55844122715712 217.27922061357856 127.27922061357856 90.0 127.27922061357856 127.27922061357856 0.0 0.0 0.0 0.0 127.27922061357856 0.0 0.0 0.0 0.0 90.0 127.27922061357856 127.27922061357856 127.27922061357856 90.0 127.27922061357856 90.0 -9999.0 -9999.0 -9999.0 -9999.0 -9999.0 -9999.0 -9999.0 -9999.0
