src/main/results/FlowLength.asc
ncols    218
nrows    236
xllcorner    466515.47101027
yllcorner    2626221.2241437
cellsize    90.0
NODATA_value    -9999
[rows 72 to 95 of 236, columns 54 to 107 of 218]
-9999.0 -9999.0 -9999.0 -9999.0 -9999.0 -9999.0 -9999.0 -9999.0 -9999.0 -9999.0 -9999.0 -9999.0 127.27922061357856 127.27922061357856 471.8376618407357 307.27922061357856 344.5584412271571 434.5584412271571 0.0 0.0 90.0 127.27922061357856 127.27922061357856 217.27922061357856 217.27922061357856 254.55844122715712 344.5584412271571 741.8376618407357 127.27922061357856 217.27922061357856 127.27922061357856 0.0 127.27922061357856 127.27922061357856 90.0 0.0 0.0 0.0 127.27922061357856 217.27922061357856 307.27922061357856 471.8376618407357 561.8376618407357 651.8376618407357 816.3961030678928 1086.396103067893 1123.6753236814714 1086.396103067893 1123.6753236814714 1086.396103067893 996.3961030678928 831.8376618407357 741.8376618407357 779.1168824543142
-9999.0 -9999.0 -9999.0 -9999.0 -9999.0 -9999.0 -9999.0 -9999.0 -9999.0 -9999.0 -9999.0 127.27922061357856 127.27922061357856 344.5584412271571 180.0 217.27922061357856 307.27922061357856 397.27922061357856 90.0 127.27922061357856 0.0 0.0 90.0 90.0 127.27922061357856 217.27922061357856 614.5584412271571 704.5584412271571 90.0 0.0 127.27922061357856 254.55844122715712 217.27922061357856 254.55844122715712 217.27922061357856 254.55844122715712 127.27922061357856 127.27922061357856 127.27922061357856 254.55844122715712 344.5584412271571 434.5584412271571 1033.6753236814714 996.3961030678928 959.1168824543142 996.3961030678928 1033.6753236814714 996.3961030678928 959.1168824543142 996.3961030678928 726.3961030678928 689.1168824543142 651.8376618407357 614.5584412271571
-9999.0 -9999.0 -9999.0 -9999.0 -9999.0 -9999.0 -9999.0 -9999.0 -9999.0 -9999.0 -9999.0 127.27922061357856 217.27922061357856 254.55844122715712 90.0 127.27922061357856 217.27922061357856 381.8376618407357 217.27922061357856 127.27922061357856 0.0 0.0 127.27922061357856 0.0 90.0 487.27922061357856 524.5584412271571 561.8376618407357 127.27922061357856 90.0 127.27922061357856 217.27922061357856 127.27922061357856 90.0 127.27922061357856 217.27922061357856 381.8376618407357 254.55844122715712 254.55844122715712 254.55844122715712 381.8376618407357 471.8376618407357 996.3961030678928 906.3961030678928 869.1168824543142 906.3961030678928 869.1168824543142 831.8376618407357 869.1168824543142 651.8376618407357 636.3961030678928 599.1168824543142 561.8376618407357 524.5584412271571
-9999.0 -9999.0 -9999.0 -9999.0 -9999.0 -9999.0 -9999.0 -9999.0 -9999.0 127.27922061357856 127.27922061357856 127.27922061357856 127.27922061357856 217.27922061357856 0.0 90.0 254.55844122715712 344.5584412271571 254.55844122715712 127.27922061357856 0.0 127.27922061357856 0.0 0.0 434.5584412271571 397.27922061357856 434.5584412271571 471.8376618407357 509.11688245431424 487.27922061357856 524.5584412271571 487.27922061357856 524.5584412271571 0.0 90.0 254.55844122715712 344.5584412271571 509.11688245431424 381.8376618407357 381.8376618407357 381.8376618407357 509.11688245431424 1033.6753236814714 869.1168824543142 779.1168824543142 741.8376618407357 704.5584412271571 741.8376618407357 524.5584412271571 487.27922061357856 524.5584412271571 509.11688245431424 471.8376618407357 434.5584412271571
-9999.0 -9999.0 -9999.0 -9999.0 -9999.0 -9999.0 -9999.0 -9999.0 -9999.0 127.27922061357856 90.0 0.0 90.0 254.55844122715712 0.0 127.27922061357856 217.27922061357856 434.5584412271571 254.55844122715712 127.27922061357856 90.0 127.27922061357856 90.0 381.8376618407357 344.5584412271571 307.27922061357856 344.5584412271571 381.8376618407357 344.5584412271571 397.27922061357856 360.0 397.27922061357856 434.5584412271571 471.8376618407357 127.27922061357856 217.27922061357856 381.8376618407357 471.8376618407357 636.3961030678928 509.11688245431424 509.11688245431424 779.1168824543142 689.1168824543142 906.3961030678928 614.5584412271571 651.8376618407357 614.5584412271571 471.8376618407357 434.5584412271571 397.27922061357856 434.5584412271571 344.5584412271571 381.8376618407357 344.5584412271571
-9999.0 -9999.0 -9999.0 -9999.0 -9999.0 -9999.0 -9999.0 -9999.0 -9999.0 127.27922061357856 307.27922061357856 217.27922061357856 127.27922061357856 90.0 127.27922061357856 217.27922061357856 307.27922061357856 397.27922061357856 487.27922061357856 217.27922061357856 180.0 217.27922061357856 509.11688245431424 344.5584412271571 254.55844122715712 217.27922061357856 254.55844122715712 217.27922061357856 254.55844122715712 307.27922061357856 270.0 307.27922061357856 344.5584412271571 434.5584412271571 599.1168824543142 254.55844122715712 344.5584412271571 509.11688245431424 599.1168824543142 689.1168824543142 779.1168824543142 741.8376618407357 651.8376618407357 561.8376618407357 524.5584412271571 487.27922061357856 524.5584412271571 434.5584412271571 344.5584412271571 307.27922061357856 217.27922061357856 254.55844122715712 217.27922061357856 254.55844122715712
-9999.0 -9999.0 -9999.0 -9999.0 -9999.0 -9999.0 -9999.0 -9999.0 -9999.0 127.27922061357856 270.0 180.0 90.0 0.0 90.0 180.0 270.0 434.5584412271571 524.5584412271571 307.27922061357856 270.0 599.1168824543142 509.11688245431424 381.8376618407357 217.27922061357856 127.27922061357856 90.0 127.27922061357856 217.27922061357856 217.27922061357856 180.0 217.27922061357856 254.55844122715712 471.8376618407357 561.8376618407357 726.3961030678928 381.8376618407357 471.8376618407357 636.3961030678928 726.3961030678928 816.3961030678928 704.5584412271571 614.5584412271571 524.5584412271571 434.5584412271571 397.27922061357856 434.5584412271571 471.8376618407357 509.11688245431424 217.27922061357856 127.27922061357856 90.0 127.27922061357856 217.27922061357856
-9999.0 -9999.0 -9999.0 -9999.0 -9999.0 -9999.0 -9999.0 -9999.0 -9999.0 127.27922061357856 307.27922061357856 217.27922061357856 307.27922061357856 270.0 307.27922061357856 344.5584412271571 307.27922061357856 397.27922061357856 561.8376618407357 651.8376618407357 726.3961030678928 561.8376618407357 471.8376618407357 381.8376618407357 254.55844122715712 90.0 0.0 90.0 217.27922061357856 127.27922061357856 90.0 127.27922061357856 217.27922061357856 381.8376618407357 599.1168824543142 689.1168824543142 853.6753236814714 943.6753236814714 599.1168824543142 763.6753236814714 853.6753236814714 741.8376618407357 651.8376618407357 561.8376618407357 397.27922061357856 307.27922061357856 270.0 307.27922061357856 344.5584412271571 381.8376618407357 90.0 0.0 90.0 180.0
-9999.0 -9999.0 -9999.0 -9999.0 -9999.0 -9999.0 -9999.0 -9999.0 127.27922061357856 127.27922061357856 344.5584412271571 307.27922061357856 217.27922061357856 180.0 217.27922061357856 307.27922061357856 397.27922061357856 561.8376618407357 599.1168824543142 689.1168824543142 614.5584412271571 524.5584412271571 434.5584412271571 344.5584412271571 254.55844122715712 127.27922061357856 0.0 127.27922061357856 127.27922061357856 90.0 0.0 90.0 254.55844122715712 344.5584412271571 509.11688245431424 726.3961030678928 816.3961030678928 980.9545442950499 1070.9545442950498 726.3961030678928 869.1168824543142 779.1168824543142 689.1168824543142 524.5584412271571 434.5584412271571 217.27922061357856 180.0 217.27922061357856 254.55844122715712 217.27922061357856 254.55844122715712 127.27922061357856 127.27922061357856 217.27922061357856
127.27922061357856 -9999.0 -9999.0 -9999.0 -9999.0 -9999.0 -9999.0 127.27922061357856 127.27922061357856 397.27922061357856 307.27922061357856 217.27922061357856 127.27922061357856 90.0 127.27922061357856 344.5584412271571 434.5584412271571 471.8376618407357 561.8376618407357 651.8376618407357 524.5584412271571 561.8376618407357 471.8376618407357 381.8376618407357 217.27922061357856 127.27922061357856 0.0 0.0 0.0 0.0 90.0 127.27922061357856 217.27922061357856 434.5584412271571 471.8376618407357 636.3961030678928 853.6753236814714 943.6753236814714 1108.2337649086285 1198.2337649086285 831.8376618407357 741.8376618407357 651.8376618407357 561.8376618407357 217.27922061357856 127.27922061357856 90.0 127.27922061357856 90.0 127.27922061357856 0.0 90.0 254.55844122715712 90.0
127.27922061357856 90.0 127.27922061357856 127.27922061357856 127.27922061357856 127.27922061357856 127.27922061357856 127.27922061357856 217.27922061357856 360.0 270.0 180.0 90.0 0.0 90.0 254.55844122715712 344.5584412271571 434.5584412271571 524.5584412271571 614.5584412271571 487.27922061357856 397.27922061357856 307.27922061357856 217.27922061357856 127.27922061357856 127.27922061357856 0.0 0.0 0.0 127.27922061357856 127.27922061357856 217.27922061357856 307.27922061357856 471.8376618407357 561.8376618407357 599.1168824543142 763.6753236814714 980.9545442950499 1070.9545442950498 1235.5129855222071 869.1168824543142 779.1168824543142 689.1168824543142 270.0 180.0 90.0 0.0 90.0 0.0 90.0 254.55844122715712 127.27922061357856 90.0 0.0
127.27922061357856 90.0 127.27922061357856 127.27922061357856 90.0 127.27922061357856 127.27922061357856 90.0 127.27922061357856 127.27922061357856 307.27922061357856 217.27922061357856 127.27922061357856 0.0 127.27922061357856 217.27922061357856 307.27922061357856 397.27922061357856 487.27922061357856 577.2792206135786 450.0 360.0 270.0 180.0 90.0 0.0 0.0 0.0 127.27922061357856 127.27922061357856 254.55844122715712 254.55844122715712 344.5584412271571 434.5584412271571 524.5584412271571 614.5584412271571 704.5584412271571 794.5584412271571 1108.2337649086285 906.3961030678928 906.3961030678928 816.3961030678928 397.27922061357856 307.27922061357856 217.27922061357856 381.8376618407357 344.5584412271571 307.27922061357856 344.5584412271571 381.8376618407357 217.27922061357856 2030.0714267493645 1992.7922061357858 2030.0714267493645
90.0 0.0 90.0 90.0 0.0 90.0 90.0 0.0 90.0 90.0 0.0 254.55844122715712 127.27922061357856 0.0 127.27922061357856 254.55844122715712 307.27922061357856 344.5584412271571 524.5584412271571 943.6753236814714 906.3961030678928 943.6753236814714 254.55844122715712 217.27922061357856 254.55844122715712 0.0 0.0 0.0 127.27922061357856 254.55844122715712 344.5584412271571 381.8376618407357 381.8376618407357 471.8376618407357 1033.6753236814714 1070.9545442950498 1108.2337649086285 1198.2337649086285 1108.2337649086285 816.3961030678928 943.6753236814714 524.5584412271571 434.5584412271571 599.1168824543142 434.5584412271571 344.5584412271571 254.55844122715712 217.27922061357856 254.55844122715712 217.27922061357856 1902.7922061357858 1865.5129855222071 1902.7922061357858 1865.5129855222071
561.8376618407357 524.5584412271571 561.8376618407357 651.8376618407357 1452.7922061357858 1415.5129855222071 1452.7922061357858 1340.9545442950503 1378.2337649086285 1415.5129855222071 1378.2337649086285 1415.5129855222071 127.27922061357856 0.0 127.27922061357856 127.27922061357856 217.27922061357856 307.27922061357856 471.8376618407357 779.1168824543142 816.3961030678928 779.1168824543142 816.3961030678928 127.27922061357856 217.27922061357856 0.0 127.27922061357856 127.27922061357856 127.27922061357856 217.27922061357856 307.27922061357856 471.8376618407357 509.11688245431424 906.3961030678928 943.6753236814714 980.9545442950499 1070.9545442950498 980.9545442950499 1018.2337649086285 779.1168824543142 689.1168824543142 816.3961030678928 726.3961030678928 561.8376618407357 471.8376618407357 307.27922061357856 217.27922061357856 127.27922061357856 90.0 1775.5129855222071 1738.2337649086285 1775.5129855222071 1738.2337649086285 1828.2337649086285
397.27922061357856 434.5584412271571 524.5584412271571 1452.7922061357858 1362.7922061357858 1325.5129855222071 1362.7922061357858 1250.9545442950498 1213.6753236814716 1250.9545442950498 1288.2337649086285 1325.5129855222071 127.27922061357856 0.0 0.0 90.0 959.1168824543142 344.5584412271571 726.3961030678928 689.1168824543142 651.8376618407357 689.1168824543142 0.0 90.0 726.3961030678928 344.5584412271571 127.27922061357856 254.55844122715712 217.27922061357856 254.55844122715712 344.5584412271571 816.3961030678928 779.1168824543142 816.3961030678928 853.6753236814714 943.6753236814714 853.6753236814714 890.9545442950499 816.3961030678928 853.6753236814714 651.8376618407357 561.8376618407357 689.1168824543142 599.1168824543142 434.5584412271571 344.5584412271571 254.55844122715712 90.0 0.0 1738.2337649086285 1648.2337649086285 1610.9545442950503 1648.2337649086285 1610.9545442950503
307.27922061357856 344.5584412271571 381.8376618407357 1415.5129855222071 1325.5129855222071 1235.5129855222071 1198.2337649086285 1160.9545442950498 1123.6753236814714 1160.9545442950498 1198.2337649086285 779.1168824543142 741.8376618407357 779.1168824543142 869.1168824543142 831.8376618407357 869.1168824543142 599.1168824543142 561.8376618407357 599.1168824543142 561.8376618407357 524.5584412271571 561.8376618407357 599.1168824543142 689.1168824543142 853.6753236814714 471.8376618407357 344.5584412271571 307.27922061357856 344.5584412271571 381.8376618407357 726.3961030678928 689.1168824543142 726.3961030678928 816.3961030678928 726.3961030678928 763.6753236814714 689.1168824543142 726.3961030678928 816.3961030678928 980.9545442950499 524.5584412271571 434.5584412271571 561.8376618407357 471.8376618407357 381.8376618407357 344.5584412271571 127.27922061357856 0.0 1700.9545442950503 1610.9545442950503 1520.9545442950503 1483.6753236814716 1520.9545442950503
217.27922061357856 254.55844122715712 344.5584412271571 1378.2337649086285 1288.2337649086285 1198.2337649086285 1108.2337649086285 1070.9545442950498 1033.6753236814714 1070.9545442950498 651.8376618407357 614.5584412271571 651.8376618407357 689.1168824543142 779.1168824543142 741.8376618407357 779.1168824543142 816.3961030678928 471.8376618407357 434.5584412271571 471.8376618407357 434.5584412271571 471.8376618407357 561.8376618407357 726.3961030678928 816.3961030678928 980.9545442950499 434.5584412271571 524.5584412271571 487.27922061357856 524.5584412271571 561.8376618407357 599.1168824543142 689.1168824543142 599.1168824543142 636.3961030678928 561.8376618407357 599.1168824543142 689.1168824543142 853.6753236814714 943.6753236814714 487.27922061357856 397.27922061357856 307.27922061357856 217.27922061357856 127.27922061357856 90.0 127.27922061357856 90.0 1738.2337649086285 1573.6753236814716 1483.6753236814716 1393.6753236814716 1356.396103067893
127.27922061357856 1160.9545442950498 1123.6753236814714 1160.9545442950498 1250.9545442950498 1160.9545442950498 1070.9545442950498 980.9545442950499 943.6753236814714 980.9545442950499 561.8376618407357 524.5584412271571 561.8376618407357 599.1168824543142 689.1168824543142 651.8376618407357 689.1168824543142 217.27922061357856 254.55844122715712 344.5584412271571 307.27922061357856 344.5584412271571 434.5584412271571 599.1168824543142 689.1168824543142 853.6753236814714 943.6753236814714 471.8376618407357 434.5584412271571 397.27922061357856 434.5584412271571 471.8376618407357 561.8376618407357 471.8376618407357 509.11688245431424 434.5584412271571 471.8376618407357 561.8376618407357 726.3961030678928 816.3961030678928 906.3961030678928 524.5584412271571 360.0 270.0 180.0 90.0 0.0 217.27922061357856 180.0 1700.9545442950503 1610.9545442950503 1520.9545442950503 1303.6753236814716 1266.396103067893
1033.6753236814714 996.3961030678928 1033.6753236814714 1070.9545442950498 980.9545442950499 890.9545442950499 853.6753236814714 890.9545442950499 853.6753236814714 890.9545442950499 471.8376618407357 434.5584412271571 344.5584412271571 381.8376618407357 471.8376618407357 561.8376618407357 217.27922061357856 127.27922061357856 90.0 127.27922061357856 217.27922061357856 307.27922061357856 471.8376618407357 561.8376618407357 726.3961030678928 816.3961030678928 471.8376618407357 381.8376618407357 344.5584412271571 307.27922061357856 344.5584412271571 307.27922061357856 344.5584412271571 381.8376618407357 307.27922061357856 344.5584412271571 434.5584412271571 599.1168824543142 689.1168824543142 779.1168824543142 1101.8376618407356 1064.5584412271571 1027.2792206135787 307.27922061357856 217.27922061357856 127.27922061357856 90.0 127.27922061357856 1213.6753236814714 1738.2337649086285 1213.6753236814714 1303.6753236814716 1213.6753236814714 1176.396103067893
943.6753236814714 906.3961030678928 943.6753236814714 853.6753236814714 816.3961030678928 853.6753236814714 763.6753236814714 726.3961030678928 763.6753236814714 853.6753236814714 381.8376618407357 344.5584412271571 254.55844122715712 217.27922061357856 254.55844122715712 344.5584412271571 434.5584412271571 90.0 0.0 90.0 180.0 344.5584412271571 434.5584412271571 599.1168824543142 689.1168824543142 524.5584412271571 434.5584412271571 344.5584412271571 254.55844122715712 217.27922061357856 180.0 217.27922061357856 254.55844122715712 127.27922061357856 217.27922061357856 307.27922061357856 471.8376618407357 561.8376618407357 726.3961030678928 816.3961030678928 1011.8376618407357 974.5584412271571 937.2792206135786 974.5584412271571 254.55844122715712 217.27922061357856 0.0 1160.9545442950498 1123.6753236814714 1086.396103067893 1049.1168824543142 1086.396103067893 1176.396103067893 1086.396103067893
906.3961030678928 816.3961030678928 726.3961030678928 689.1168824543142 726.3961030678928 689.1168824543142 726.3961030678928 636.3961030678928 726.3961030678928 636.3961030678928 344.5584412271571 254.55844122715712 217.27922061357856 127.27922061357856 90.0 127.27922061357856 217.27922061357856 307.27922061357856 90.0 127.27922061357856 217.27922061357856 307.27922061357856 471.8376618407357 561.8376618407357 726.3961030678928 487.27922061357856 397.27922061357856 307.27922061357856 217.27922061357856 127.27922061357856 90.0 127.27922061357856 0.0 90.0 180.0 344.5584412271571 434.5584412271571 599.1168824543142 689.1168824543142 853.6753236814714 921.8376618407357 884.5584412271571 847.2792206135786 884.5584412271571 921.8376618407357 127.27922061357856 90.0 1070.9545442950498 1033.6753236814714 996.3961030678928 959.1168824543142 921.8376618407357 959.1168824543142 921.8376618407357
943.6753236814714 779.1168824543142 689.1168824543142 599.1168824543142 561.8376618407357 599.1168824543142 509.11688245431424 471.8376618407357 509.11688245431424 471.8376618407357 307.27922061357856 217.27922061357856 127.27922061357856 90.0 0.0 90.0 180.0 270.0 434.5584412271571 217.27922061357856 254.55844122715712 471.8376618407357 434.5584412271571 599.1168824543142 1198.2337649086285 524.5584412271571 434.5584412271571 344.5584412271571 254.55844122715712 90.0 0.0 90.0 254.55844122715712 127.27922061357856 217.27922061357856 307.27922061357856 471.8376618407357 561.8376618407357 726.3961030678928 869.1168824543142 831.8376618407357 794.5584412271571 757.2792206135786 794.5584412271571 831.8376618407357 217.27922061357856 1070.9545442950498 980.9545442950499 943.6753236814714 906.3961030678928 869.1168824543142 831.8376618407357 794.5584412271571 831.8376618407357
1160.9545442950498 816.3961030678928 651.8376618407357 561.8376618407357 471.8376618407357 381.8376618407357 344.5584412271571 381.8376618407357 344.5584412271571 381.8376618407357 344.5584412271571 726.3961030678928 90.0 0.0 90.0 127.27922061357856 217.27922061357856 307.27922061357856 397.27922061357856 561.8376618407357 344.5584412271571 816.3961030678928 906.3961030678928 1070.9545442950498 689.1168824543142 561.8376618407357 524.5584412271571 217.27922061357856 127.27922061357856 127.27922061357856 0.0 127.27922061357856 217.27922061357856 381.8376618407357 254.55844122715712 599.1168824543142 561.8376618407357 599.1168824543142 689.1168824543142 831.8376618407357 741.8376618407357 704.5584412271571 667.2792206135786 704.5584412271571 599.1168824543142 636.3961030678928 1033.6753236814714 943.6753236814714 853.6753236814714 816.3961030678928 779.1168824543142 741.8376618407357 704.5584412271571 741.8376618407357
996.3961030678928 906.3961030678928 869.1168824543142 599.1168824543142 434.5584412271571 344.5584412271571 254.55844122715712 217.27922061357856 254.55844122715712 217.27922061357856 254.55844122715712 636.3961030678928 599.1168824543142 636.3961030678928 127.27922061357856 217.27922061357856 254.55844122715712 344.5584412271571 434.5584412271571 524.5584412271571 689.1168824543142 779.1168824543142 943.6753236814714 561.8376618407357 599.1168824543142 636.3961030678928 217.27922061357856 127.27922061357856 90.0 0.0 0.0 127.27922061357856 254.55844122715712 344.5584412271571 509.11688245431424 599.1168824543142 651.8376618407357 689.1168824543142 726.3961030678928 869.1168824543142 704.5584412271571 614.5584412271571 577.2792206135786 614.5584412271571 651.8376618407357 471.8376618407357 509.11688245431424 906.3961030678928 816.3961030678928 726.3961030678928 689.1168824543142 651.8376618407357 614.5584412271571 651.8376618407357
