src/main/results/FlowLength.asc
ncols    218
nrows    236
xllcorner    466515.47101027
yllcorner    2626221.2241437
cellsize    90.0
NODATA_value    -9999
[rows 144 to 167 of 236, columns 54 to 107 of 218]
127.27922061357856 90.0 127.27922061357856 0.0 0.0 0.0 0.0 0.0 90.0 127.27922061357856 217.27922061357856 254.55844122715712 254.55844122715712 127.27922061357856 0.0 0.0 0.0 127.27922061357856 127.27922061357856 254.55844122715712 381.8376618407357 509.11688245431424 636.3961030678928 726.3961030678928 816.3961030678928 980.9545442950499 1070.9545442950498 1303.6753236814716 1139.1168824543142 1049.1168824543142 959.1168824543142 869.1168824543142 779.1168824543142 689.1168824543142 651.8376618407357 561.8376618407357 471.8376618407357 381.8376618407357 344.5584412271571 254.55844122715712 217.27922061357856 127.27922061357856 90.0 90.0 0.0 90.0 127.27922061357856 217.27922061357856 381.8376618407357 397.27922061357856 360.0 397.27922061357856 599.1168824543142 561.8376618407357
217.27922061357856 254.55844122715712 127.27922061357856 90.0 127.27922061357856 0.0 0.0 0.0 0.0 90.0 254.55844122715712 217.27922061357856 127.27922061357856 127.27922061357856 0.0 0.0 0.0 127.27922061357856 254.55844122715712 344.5584412271571 434.5584412271571 509.11688245431424 636.3961030678928 763.6753236814714 853.6753236814714 943.6753236814714 1108.2337649086285 1160.9545442950498 1176.396103067893 1011.8376618407357 921.8376618407357 831.8376618407357 741.8376618407357 651.8376618407357 561.8376618407357 471.8376618407357 381.8376618407357 344.5584412271571 254.55844122715712 217.27922061357856 127.27922061357856 90.0 0.0 0.0 90.0 127.27922061357856 217.27922061357856 254.55844122715712 344.5584412271571 487.27922061357856 450.0 487.27922061357856 689.1168824543142 651.8376618407357
599.1168824543142 509.11688245431424 344.5584412271571 254.55844122715712 127.27922061357856 90.0 127.27922061357856 0.0 0.0 127.27922061357856 127.27922061357856 127.27922061357856 90.0 0.0 0.0 0.0 127.27922061357856 127.27922061357856 254.55844122715712 381.8376618407357 471.8376618407357 561.8376618407357 636.3961030678928 763.6753236814714 779.1168824543142 1070.9545442950498 1033.6753236814714 1070.9545442950498 1033.6753236814714 1049.1168824543142 884.5584412271571 794.5584412271571 704.5584412271571 614.5584412271571 524.5584412271571 434.5584412271571 344.5584412271571 254.55844122715712 217.27922061357856 127.27922061357856 90.0 0.0 90.0 127.27922061357856 127.27922061357856 217.27922061357856 254.55844122715712 344.5584412271571 381.8376618407357 577.2792206135786 540.0 577.2792206135786 779.1168824543142 741.8376618407357
561.8376618407357 471.8376618407357 381.8376618407357 254.55844122715712 217.27922061357856 127.27922061357856 127.27922061357856 0.0 0.0 0.0 0.0 0.0 0.0 0.0 0.0 127.27922061357856 127.27922061357856 254.55844122715712 254.55844122715712 509.11688245431424 509.11688245431424 599.1168824543142 689.1168824543142 726.3961030678928 689.1168824543142 726.3961030678928 943.6753236814714 906.3961030678928 943.6753236814714 599.1168824543142 921.8376618407357 831.8376618407357 741.8376618407357 651.8376618407357 561.8376618407357 344.5584412271571 254.55844122715712 217.27922061357856 127.27922061357856 90.0 0.0 0.0 127.27922061357856 217.27922061357856 254.55844122715712 254.55844122715712 344.5584412271571 381.8376618407357 471.8376618407357 509.11688245431424 630.0 667.2792206135786 869.1168824543142 831.8376618407357
599.1168824543142 509.11688245431424 381.8376618407357 344.5584412271571 381.8376618407357 90.0 0.0 0.0 0.0 0.0 0.0 0.0 0.0 0.0 0.0 127.27922061357856 254.55844122715712 254.55844122715712 381.8376618407357 471.8376618407357 561.8376618407357 636.3961030678928 599.1168824543142 636.3961030678928 599.1168824543142 636.3961030678928 726.3961030678928 816.3961030678928 599.1168824543142 509.11688245431424 471.8376618407357 471.8376618407357 381.8376618407357 344.5584412271571 344.5584412271571 254.55844122715712 217.27922061357856 127.27922061357856 90.0 0.0 0.0 127.27922061357856 127.27922061357856 254.55844122715712 344.5584412271571 381.8376618407357 381.8376618407357 471.8376618407357 509.11688245431424 599.1168824543142 636.3961030678928 757.2792206135786 959.1168824543142 921.8376618407357
689.1168824543142 509.11688245431424 471.8376618407357 434.5584412271571 471.8376618407357 127.27922061357856 90.0 0.0 0.0 0.0 0.0 0.0 0.0 0.0 0.0 127.27922061357856 254.55844122715712 381.8376618407357 381.8376618407357 509.11688245431424 599.1168824543142 471.8376618407357 509.11688245431424 471.8376618407357 509.11688245431424 599.1168824543142 689.1168824543142 779.1168824543142 561.8376618407357 471.8376618407357 381.8376618407357 344.5584412271571 344.5584412271571 254.55844122715712 217.27922061357856 217.27922061357856 127.27922061357856 90.0 0.0 90.0 127.27922061357856 127.27922061357856 254.55844122715712 254.55844122715712 381.8376618407357 471.8376618407357 509.11688245431424 509.11688245431424 599.1168824543142 636.3961030678928 726.3961030678928 763.6753236814714 1049.1168824543142 127.27922061357856
217.27922061357856 254.55844122715712 217.27922061357856 254.55844122715712 434.5584412271571 217.27922061357856 127.27922061357856 0.0 0.0 127.27922061357856 127.27922061357856 127.27922061357856 127.27922061357856 127.27922061357856 127.27922061357856 127.27922061357856 254.55844122715712 381.8376618407357 434.5584412271571 471.8376618407357 344.5584412271571 381.8376618407357 344.5584412271571 381.8376618407357 471.8376618407357 561.8376618407357 651.8376618407357 509.11688245431424 471.8376618407357 434.5584412271571 344.5584412271571 254.55844122715712 217.27922061357856 217.27922061357856 127.27922061357856 90.0 90.0 0.0 90.0 127.27922061357856 217.27922061357856 254.55844122715712 254.55844122715712 381.8376618407357 381.8376618407357 509.11688245431424 599.1168824543142 636.3961030678928 636.3961030678928 726.3961030678928 127.27922061357856 90.0 127.27922061357856 90.0
127.27922061357856 90.0 127.27922061357856 381.8376618407357 344.5584412271571 307.27922061357856 127.27922061357856 90.0 0.0 127.27922061357856 254.55844122715712 254.55844122715712 254.55844122715712 217.27922061357856 254.55844122715712 254.55844122715712 344.5584412271571 307.27922061357856 344.5584412271571 381.8376618407357 254.55844122715712 217.27922061357856 254.55844122715712 344.5584412271571 434.5584412271571 599.1168824543142 561.8376618407357 471.8376618407357 381.8376618407357 344.5584412271571 307.27922061357856 217.27922061357856 127.27922061357856 90.0 90.0 0.0 0.0 0.0 127.27922061357856 217.27922061357856 254.55844122715712 344.5584412271571 381.8376618407357 381.8376618407357 509.11688245431424 509.11688245431424 636.3961030678928 726.3961030678928 763.6753236814714 127.27922061357856 90.0 -9999.0 -9999.0 -9999.0
90.0 0.0 0.0 344.5584412271571 254.55844122715712 217.27922061357856 217.27922061357856 127.27922061357856 0.0 127.27922061357856 127.27922061357856 217.27922061357856 381.8376618407357 254.55844122715712 217.27922061357856 180.0 254.55844122715712 217.27922061357856 254.55844122715712 344.5584412271571 434.5584412271571 127.27922061357856 217.27922061357856 381.8376618407357 471.8376618407357 509.11688245431424 471.8376618407357 434.5584412271571 344.5584412271571 254.55844122715712 217.27922061357856 254.55844122715712 90.0 0.0 0.0 0.0 127.27922061357856 127.27922061357856 127.27922061357856 254.55844122715712 344.5584412271571 381.8376618407357 471.8376618407357 509.11688245431424 509.11688245431424 636.3961030678928 127.27922061357856 90.0 127.27922061357856 90.0 -9999.0 -9999.0 -9999.0 -9999.0
127.27922061357856 0.0 127.27922061357856 307.27922061357856 217.27922061357856 127.27922061357856 90.0 127.27922061357856 0.0 0.0 90.0 254.55844122715712 217.27922061357856 254.55844122715712 127.27922061357856 90.0 127.27922061357856 127.27922061357856 217.27922061357856 307.27922061357856 0.0 90.0 254.55844122715712 344.5584412271571 509.11688245431424 471.8376618407357 381.8376618407357 344.5584412271571 254.55844122715712 217.27922061357856 127.27922061357856 90.0 127.27922061357856 0.0 0.0 127.27922061357856 127.27922061357856 254.55844122715712 254.55844122715712 254.55844122715712 381.8376618407357 471.8376618407357 509.11688245431424 599.1168824543142 636.3961030678928 127.27922061357856 90.0 -9999.0 -9999.0 -9999.0 -9999.0 -9999.0 -9999.0 -9999.0
127.27922061357856 90.0 127.27922061357856 344.5584412271571 254.55844122715712 90.0 0.0 0.0 0.0 0.0 127.27922061357856 127.27922061357856 127.27922061357856 127.27922061357856 90.0 0.0 0.0 90.0 180.0 344.5584412271571 434.5584412271571 127.27922061357856 217.27922061357856 381.8376618407357 344.5584412271571 381.8376618407357 344.5584412271571 254.55844122715712 217.27922061357856 127.27922061357856 90.0 0.0 0.0 0.0 127.27922061357856 127.27922061357856 254.55844122715712 344.5584412271571 381.8376618407357 381.8376618407357 381.8376618407357 509.11688245431424 599.1168824543142 636.3961030678928 1198.2337649086285 90.0 -9999.0 -9999.0 -9999.0 -9999.0 -9999.0 -9999.0 -9999.0 -9999.0
217.27922061357856 180.0 434.5584412271571 344.5584412271571 254.55844122715712 127.27922061357856 0.0 0.0 0.0 0.0 0.0 0.0 0.0 90.0 127.27922061357856 127.27922061357856 127.27922061357856 127.27922061357856 217.27922061357856 307.27922061357856 344.5584412271571 344.5584412271571 381.8376618407357 344.5584412271571 254.55844122715712 217.27922061357856 254.55844122715712 217.27922061357856 127.27922061357856 90.0 0.0 0.0 0.0 127.27922061357856 127.27922061357856 254.55844122715712 471.8376618407357 434.5584412271571 471.8376618407357 509.11688245431424 509.11688245431424 599.1168824543142 980.9545442950499 1070.9545442950498 1160.9545442950498 127.27922061357856 -9999.0 -9999.0 -9999.0 -9999.0 -9999.0 -9999.0 -9999.0 -9999.0
307.27922061357856 561.8376618407357 397.27922061357856 307.27922061357856 217.27922061357856 127.27922061357856 0.0 127.27922061357856 127.27922061357856 127.27922061357856 127.27922061357856 127.27922061357856 0.0 0.0 0.0 90.0 254.55844122715712 217.27922061357856 180.0 217.27922061357856 254.55844122715712 254.55844122715712 217.27922061357856 254.55844122715712 217.27922061357856 127.27922061357856 90.0 127.27922061357856 90.0 0.0 0.0 127.27922061357856 127.27922061357856 127.27922061357856 254.55844122715712 254.55844122715712 381.8376618407357 599.1168824543142 561.8376618407357 599.1168824543142 636.3961030678928 853.6753236814714 943.6753236814714 1288.2337649086285 1250.9545442950498 127.27922061357856 -9999.0 -9999.0 -9999.0 -9999.0 -9999.0 -9999.0 -9999.0 -9999.0
614.5584412271571 524.5584412271571 434.5584412271571 344.5584412271571 254.55844122715712 127.27922061357856 90.0 127.27922061357856 254.55844122715712 217.27922061357856 254.55844122715712 127.27922061357856 0.0 0.0 0.0 127.27922061357856 217.27922061357856 127.27922061357856 90.0 127.27922061357856 217.27922061357856 217.27922061357856 127.27922061357856 90.0 127.27922061357856 90.0 0.0 0.0 0.0 90.0 127.27922061357856 127.27922061357856 254.55844122715712 254.55844122715712 254.55844122715712 381.8376618407357 381.8376618407357 509.11688245431424 726.3961030678928 0.0 726.3961030678928 816.3961030678928 980.9545442950499 1070.9545442950498 1160.9545442950498 127.27922061357856 -9999.0 -9999.0 -9999.0 -9999.0 -9999.0 -9999.0 -9999.0 -9999.0
651.8376618407357 561.8376618407357 471.8376618407357 381.8376618407357 254.55844122715712 217.27922061357856 180.0 217.27922061357856 254.55844122715712 344.5584412271571 254.55844122715712 127.27922061357856 0.0 0.0 0.0 127.27922061357856 127.27922061357856 90.0 0.0 90.0 254.55844122715712 180.0 90.0 0.0 0.0 0.0 0.0 0.0 127.27922061357856 127.27922061357856 217.27922061357856 254.55844122715712 254.55844122715712 381.8376618407357 381.8376618407357 381.8376618407357 509.11688245431424 509.11688245431424 127.27922061357856 90.0 127.27922061357856 853.6753236814714 943.6753236814714 1033.6753236814714 127.27922061357856 127.27922061357856 -9999.0 -9999.0 -9999.0 -9999.0 -9999.0 -9999.0 -9999.0 -9999.0
689.1168824543142 599.1168824543142 509.11688245431424 471.8376618407357 509.11688245431424 307.27922061357856 270.0 487.27922061357856 397.27922061357856 307.27922061357856 217.27922061357856 127.27922061357856 0.0 0.0 127.27922061357856 0.0 0.0 0.0 0.0 127.27922061357856 344.5584412271571 254.55844122715712 127.27922061357856 0.0 0.0 0.0 0.0 0.0 127.27922061357856 254.55844122715712 254.55844122715712 344.5584412271571 381.8376618407357 381.8376618407357 509.11688245431424 509.11688245431424 636.3961030678928 254.55844122715712 217.27922061357856 0.0 217.27922061357856 254.55844122715712 471.8376618407357 1070.9545442950498 90.0 -9999.0 -9999.0 -9999.0 -9999.0 -9999.0 -9999.0 -9999.0 -9999.0 -9999.0
726.3961030678928 636.3961030678928 599.1168824543142 636.3961030678928 0.0 397.27922061357856 614.5584412271571 524.5584412271571 434.5584412271571 217.27922061357856 127.27922061357856 127.27922061357856 0.0 0.0 127.27922061357856 0.0 0.0 0.0 0.0 127.27922061357856 127.27922061357856 127.27922061357856 127.27922061357856 0.0 0.0 0.0 0.0 127.27922061357856 127.27922061357856 254.55844122715712 381.8376618407357 381.8376618407357 471.8376618407357 509.11688245431424 509.11688245431424 636.3961030678928 381.8376618407357 344.5584412271571 127.27922061357856 90.0 127.27922061357856 344.5584412271571 127.27922061357856 127.27922061357856 127.27922061357856 -9999.0 -9999.0 -9999.0 -9999.0 -9999.0 -9999.0 -9999.0 -9999.0 -9999.0
763.6753236814714 726.3961030678928 763.6753236814714 127.27922061357856 90.0 741.8376618407357 651.8376618407357 561.8376618407357 344.5584412271571 180.0 90.0 0.0 90.0 127.27922061357856 127.27922061357856 0.0 0.0 0.0 0.0 0.0 0.0 0.0 0.0 0.0 0.0 0.0 127.27922061357856 127.27922061357856 254.55844122715712 254.55844122715712 381.8376618407357 509.11688245431424 509.11688245431424 599.1168824543142 636.3961030678928 636.3961030678928 434.5584412271571 344.5584412271571 254.55844122715712 254.55844122715712 0.0 0.0 127.27922061357856 90.0 -9999.0 -9999.0 -9999.0 -9999.0 -9999.0 -9999.0 -9999.0 -9999.0 -9999.0 -9999.0
853.6753236814714 890.9545442950499 254.55844122715712 217.27922061357856 869.1168824543142 779.1168824543142 689.1168824543142 471.8376618407357 434.5584412271571 217.27922061357856 127.27922061357856 90.0 127.27922061357856 217.27922061357856 127.27922061357856 90.0 0.0 0.0 0.0 0.0 0.0 0.0 0.0 0.0 0.0 127.27922061357856 127.27922061357856 254.55844122715712 254.55844122715712 381.8376618407357 381.8376618407357 509.11688245431424 636.3961030678928 636.3961030678928 726.3961030678928 487.27922061357856 397.27922061357856 307.27922061357856 217.27922061357856 127.27922061357856 0.0 127.27922061357856 90.0 -9999.0 -9999.0 -9999.0 -9999.0 -9999.0 -9999.0 -9999.0 -9999.0 -9999.0 -9999.0 -9999.0
1018.2337649086285 381.8376618407357 1086.396103067893 996.3961030678928 906.3961030678928 869.1168824543142 599.1168824543142 487.27922061357856 397.27922061357856 307.27922061357856 217.27922061357856 180.0 217.27922061357856 180.0 90.0 0.0 0.0 0.0 0.0 0.0 0.0 0.0 127.27922061357856 127.27922061357856 127.27922061357856 127.27922061357856 254.55844122715712 254.55844122715712 381.8376618407357 381.8376618407357 509.11688245431424 509.11688245431424 636.3961030678928 763.6753236814714 614.5584412271571 524.5584412271571 434.5584412271571 344.5584412271571 254.55844122715712 127.27922061357856 0.0 0.0 127.27922061357856 -9999.0 -9999.0 -9999.0 -9999.0 -9999.0 -9999.0 -9999.0 -9999.0 -9999.0 -9999.0 -9999.0
1176.396103067893 1213.6753236814716 1123.6753236814714 1033.6753236814714 996.3961030678928 509.11688245431424 614.5584412271571 524.5584412271571 434.5584412271571 344.5584412271571 307.27922061357856 254.55844122715712 217.27922061357856 217.27922061357856 127.27922061357856 90.0 0.0 0.0 0.0 0.0 0.0 0.0 127.27922061357856 254.55844122715712 217.27922061357856 254.55844122715712 254.55844122715712 381.8376618407357 381.8376618407357 509.11688245431424 509.11688245431424 636.3961030678928 636.3961030678928 726.3961030678928 651.8376618407357 599.1168824543142 471.8376618407357 344.5584412271571 254.55844122715712 127.27922061357856 90.0 127.27922061357856 127.27922061357856 -9999.0 -9999.0 -9999.0 -9999.0 -9999.0 -9999.0 -9999.0 -9999.0 -9999.0 -9999.0 -9999.0
1086.396103067893 1049.1168824543142 599.1168824543142 509.11688245431424 471.8376618407357 434.5584412271571 381.8376618407357 524.5584412271571 434.5584412271571 344.5584412271571 254.55844122715712 217.27922061357856 127.27922061357856 90.0 90.0 0.0 0.0 0.0 127.27922061357856 127.27922061357856 0.0 0.0 127.27922061357856 90.0 127.27922061357856 127.27922061357856 217.27922061357856 254.55844122715712 344.5584412271571 509.11688245431424 636.3961030678928 636.3961030678928 980.9545442950499 1018.2337649086285 651.8376618407357 561.8376618407357 471.8376618407357 381.8376618407357 254.55844122715712 217.27922061357856 254.55844122715712 127.27922061357856 127.27922061357856 -9999.0 -9999.0 -9999.0 -9999.0 -9999.0 -9999.0 -9999.0 -9999.0 -9999.0 -9999.0 -9999.0
921.8376618407357 884.5584412271571 921.8376618407357 471.8376618407357 381.8376618407357 344.5584412271571 307.27922061357856 254.55844122715712 397.27922061357856 307.27922061357856 217.27922061357856 127.27922061357856 90.0 0.0 0.0 0.0 127.27922061357856 127.27922061357856 127.27922061357856 0.0 0.0 0.0 90.0 0.0 0.0 90.0 127.27922061357856 217.27922061357856 381.8376618407357 471.8376618407357 636.3961030678928 853.6753236814714 890.9545442950499 1176.396103067893 1213.6753236814714 1250.9545442950498 1213.6753236814714 1176.396103067893 127.27922061357856 90.0 127.27922061357856 90.0 -9999.0 -9999.0 -9999.0 -9999.0 -9999.0 -9999.0 -9999.0 -9999.0 -9999.0 -9999.0 -9999.0 -9999.0
831.8376618407357 794.5584412271571 831.8376618407357 434.5584412271571 344.5584412271571 254.55844122715712 217.27922061357856 180.0 127.27922061357856 270.0 180.0 90.0 0.0 0.0 127.27922061357856 127.27922061357856 127.27922061357856 254.55844122715712 127.27922061357856 90.0 127.27922061357856 127.27922061357856 127.27922061357856 90.0 0.0 0.0 90.0 254.55844122715712 344.5584412271571 763.6753236814714 726.3961030678928 763.6753236814714 853.6753236814714 1086.396103067893 1123.6753236814714 1086.396103067893 1123.6753236814714 1086.396103067893 90.0 -9999.0 -9999.0 -9999.0 -9999.0 -9999.0 -9999.0 -9999.0 -9999.0 -9999.0 -9999.0 -9999.0 -9999.0 -9999.0 -9999.0 -9999.0
