src/main/results/FlowLength.asc
ncols    218
nrows    236
xllcorner    466515.47101027
yllcorner    2626221.2241437
cellsize    90.0
NODATA_value    -9999
[rows 72 to 95 of 236, columns 108 to 161 of 218]
741.8376618407357 726.3961030678928 689.1168824543142 651.8376618407357 614.5584412271571 651.8376618407357 689.1168824543142 651.8376618407357 561.8376618407357 471.8376618407357 434.5584412271571 471.8376618407357 434.5584412271571 1160.9545442950498 1070.9545442950498 1033.6753236814714 996.3961030678928 959.1168824543142 127.27922061357856 90.0 -9999.0 -9999.0 -9999.0 -9999.0 -9999.0 -9999.0 -9999.0 -9999.0 -9999.0 -9999.0 -9999.0 -9999.0 -9999.0 -9999.0 -9999.0 -9999.0 -9999.0 -9999.0 -9999.0 -9999.0 -9999.0 -9999.0 -9999.0 -9999.0 -9999.0 -9999.0 -9999.0 -9999.0 -9999.0 -9999.0 -9999.0 -9999.0 -9999.0 -9999.0
651.8376618407357 689.1168824543142 599.1168824543142 561.8376618407357 524.5584412271571 561.8376618407357 599.1168824543142 434.5584412271571 599.1168824543142 381.8376618407357 344.5584412271571 307.27922061357856 344.5584412271571 307.27922061357856 1033.6753236814714 943.6753236814714 906.3961030678928 943.6753236814714 831.8376618407357 127.27922061357856 90.0 -9999.0 -9999.0 -9999.0 -9999.0 -9999.0 -9999.0 -9999.0 -9999.0 -9999.0 -9999.0 -9999.0 -9999.0 -9999.0 -9999.0 -9999.0 -9999.0 -9999.0 -9999.0 -9999.0 -9999.0 -9999.0 -9999.0 -9999.0 -9999.0 -9999.0 -9999.0 -9999.0 -9999.0 -9999.0 -9999.0 -9999.0 -9999.0 -9999.0
561.8376618407357 651.8376618407357 561.8376618407357 471.8376618407357 434.5584412271571 471.8376618407357 381.8376618407357 344.5584412271571 381.8376618407357 344.5584412271571 254.55844122715712 217.27922061357856 180.0 217.27922061357856 996.3961030678928 906.3961030678928 816.3961030678928 779.1168824543142 741.8376618407357 651.8376618407357 127.27922061357856 90.0 127.27922061357856 127.27922061357856 -9999.0 -9999.0 -9999.0 -9999.0 -9999.0 -9999.0 -9999.0 -9999.0 -9999.0 -9999.0 -9999.0 -9999.0 -9999.0 -9999.0 -9999.0 -9999.0 -9999.0 -9999.0 -9999.0 -9999.0 -9999.0 -9999.0 -9999.0 -9999.0 -9999.0 -9999.0 -9999.0 -9999.0 -9999.0 -9999.0
471.8376618407357 614.5584412271571 524.5584412271571 434.5584412271571 344.5584412271571 254.55844122715712 217.27922061357856 254.55844122715712 217.27922061357856 254.55844122715712 217.27922061357856 127.27922061357856 90.0 127.27922061357856 217.27922061357856 943.6753236814714 779.1168824543142 689.1168824543142 651.8376618407357 614.5584412271571 524.5584412271571 487.27922061357856 344.5584412271571 127.27922061357856 90.0 -9999.0 -9999.0 -9999.0 -9999.0 -9999.0 -9999.0 -9999.0 -9999.0 -9999.0 -9999.0 -9999.0 -9999.0 -9999.0 -9999.0 -9999.0 -9999.0 -9999.0 -9999.0 -9999.0 -9999.0 -9999.0 -9999.0 -9999.0 -9999.0 -9999.0 -9999.0 -9999.0 -9999.0 -9999.0
381.8376618407357 127.27922061357856 487.27922061357856 397.27922061357856 307.27922061357856 217.27922061357856 127.27922061357856 90.0 127.27922061357856 90.0 127.27922061357856 90.0 0.0 90.0 127.27922061357856 906.3961030678928 816.3961030678928 651.8376618407357 561.8376618407357 524.5584412271571 561.8376618407357 397.27922061357856 254.55844122715712 217.27922061357856 127.27922061357856 90.0 127.27922061357856 -9999.0 -9999.0 -9999.0 -9999.0 -9999.0 -9999.0 -9999.0 -9999.0 -9999.0 -9999.0 -9999.0 -9999.0 -9999.0 -9999.0 -9999.0 -9999.0 -9999.0 -9999.0 -9999.0 -9999.0 -9999.0 -9999.0 -9999.0 -9999.0 -9999.0 -9999.0 -9999.0
344.5584412271571 90.0 0.0 434.5584412271571 344.5584412271571 180.0 90.0 0.0 90.0 0.0 0.0 127.27922061357856 90.0 0.0 434.5584412271571 397.27922061357856 434.5584412271571 614.5584412271571 524.5584412271571 434.5584412271571 344.5584412271571 307.27922061357856 217.27922061357856 127.27922061357856 90.0 127.27922061357856 127.27922061357856 -9999.0 -9999.0 -9999.0 -9999.0 -9999.0 -9999.0 -9999.0 -9999.0 -9999.0 -9999.0 -9999.0 -9999.0 -9999.0 -9999.0 -9999.0 -9999.0 -9999.0 -9999.0 -9999.0 -9999.0 -9999.0 -9999.0 -9999.0 -9999.0 -9999.0 -9999.0 -9999.0
381.8376618407357 127.27922061357856 90.0 397.27922061357856 307.27922061357856 217.27922061357856 127.27922061357856 90.0 0.0 0.0 127.27922061357856 127.27922061357856 127.27922061357856 90.0 344.5584412271571 307.27922061357856 344.5584412271571 577.2792206135786 487.27922061357856 397.27922061357856 307.27922061357856 217.27922061357856 180.0 90.0 0.0 90.0 127.27922061357856 90.0 -9999.0 -9999.0 -9999.0 -9999.0 -9999.0 -9999.0 -9999.0 -9999.0 -9999.0 -9999.0 -9999.0 -9999.0 -9999.0 -9999.0 -9999.0 -9999.0 -9999.0 -9999.0 -9999.0 -9999.0 -9999.0 -9999.0 -9999.0 -9999.0 -9999.0 -9999.0
381.8376618407357 344.5584412271571 307.27922061357856 434.5584412271571 344.5584412271571 254.55844122715712 217.27922061357856 127.27922061357856 90.0 344.5584412271571 254.55844122715712 217.27922061357856 254.55844122715712 344.5584412271571 254.55844122715712 217.27922061357856 254.55844122715712 614.5584412271571 524.5584412271571 434.5584412271571 217.27922061357856 127.27922061357856 90.0 127.27922061357856 180.0 217.27922061357856 254.55844122715712 127.27922061357856 90.0 -9999.0 -9999.0 -9999.0 -9999.0 -9999.0 -9999.0 -9999.0 -9999.0 -9999.0 -9999.0 -9999.0 -9999.0 -9999.0 -9999.0 -9999.0 -9999.0 -9999.0 -9999.0 -9999.0 -9999.0 -9999.0 -9999.0 -9999.0 -9999.0 -9999.0
344.5584412271571 254.55844122715712 217.27922061357856 471.8376618407357 434.5584412271571 344.5584412271571 254.55844122715712 217.27922061357856 471.8376618407357 307.27922061357856 217.27922061357856 127.27922061357856 90.0 307.27922061357856 217.27922061357856 127.27922061357856 90.0 127.27922061357856 434.5584412271571 344.5584412271571 180.0 90.0 0.0 127.27922061357856 90.0 127.27922061357856 217.27922061357856 307.27922061357856 127.27922061357856 90.0 -9999.0 -9999.0 -9999.0 -9999.0 -9999.0 -9999.0 -9999.0 -9999.0 -9999.0 -9999.0 -9999.0 -9999.0 -9999.0 -9999.0 -9999.0 -9999.0 -9999.0 -9999.0 -9999.0 -9999.0 -9999.0 -9999.0 -9999.0 -9999.0
127.27922061357856 217.27922061357856 127.27922061357856 90.0 127.27922061357856 381.8376618407357 344.5584412271571 524.5584412271571 434.5584412271571 344.5584412271571 254.55844122715712 90.0 0.0 344.5584412271571 254.55844122715712 90.0 0.0 90.0 397.27922061357856 307.27922061357856 217.27922061357856 127.27922061357856 90.0 90.0 0.0 90.0 254.55844122715712 344.5584412271571 434.5584412271571 127.27922061357856 -9999.0 -9999.0 -9999.0 -9999.0 -9999.0 -9999.0 -9999.0 -9999.0 -9999.0 -9999.0 -9999.0 -9999.0 -9999.0 -9999.0 -9999.0 -9999.0 -9999.0 -9999.0 -9999.0 -9999.0 -9999.0 -9999.0 -9999.0 -9999.0
90.0 180.0 90.0 0.0 90.0 471.8376618407357 651.8376618407357 561.8376618407357 0.0 779.1168824543142 689.1168824543142 599.1168824543142 509.11688245431424 344.5584412271571 254.55844122715712 127.27922061357856 0.0 127.27922061357856 254.55844122715712 344.5584412271571 0.0 217.27922061357856 254.55844122715712 217.27922061357856 254.55844122715712 217.27922061357856 217.27922061357856 0.0 471.8376618407357 127.27922061357856 -9999.0 -9999.0 -9999.0 -9999.0 -9999.0 -9999.0 -9999.0 -9999.0 -9999.0 -9999.0 -9999.0 -9999.0 -9999.0 -9999.0 -9999.0 -9999.0 -9999.0 -9999.0 -9999.0 -9999.0 -9999.0 -9999.0 -9999.0 -9999.0
127.27922061357856 217.27922061357856 127.27922061357856 0.0 127.27922061357856 1955.5129855222071 689.1168824543142 127.27922061357856 90.0 741.8376618407357 651.8376618407357 561.8376618407357 471.8376618407357 381.8376618407357 217.27922061357856 127.27922061357856 0.0 127.27922061357856 217.27922061357856 127.27922061357856 90.0 381.8376618407357 217.27922061357856 127.27922061357856 90.0 127.27922061357856 344.5584412271571 0.0 127.27922061357856 127.27922061357856 -9999.0 -9999.0 -9999.0 -9999.0 -9999.0 -9999.0 -9999.0 -9999.0 -9999.0 -9999.0 -9999.0 -9999.0 -9999.0 -9999.0 -9999.0 -9999.0 -9999.0 -9999.0 -9999.0 -9999.0 -9999.0 -9999.0 -9999.0 -9999.0
1955.5129855222071 1865.5129855222071 127.27922061357856 1865.5129855222071 1828.2337649086285 1865.5129855222071 254.55844122715712 217.27922061357856 869.1168824543142 779.1168824543142 689.1168824543142 599.1168824543142 509.11688245431424 344.5584412271571 254.55844122715712 127.27922061357856 0.0 0.0 254.55844122715712 217.27922061357856 254.55844122715712 344.5584412271571 254.55844122715712 90.0 0.0 90.0 127.27922061357856 90.0 127.27922061357856 127.27922061357856 -9999.0 -9999.0 -9999.0 -9999.0 -9999.0 -9999.0 -9999.0 -9999.0 -9999.0 -9999.0 -9999.0 -9999.0 -9999.0 -9999.0 -9999.0 -9999.0 -9999.0 -9999.0 -9999.0 -9999.0 -9999.0 -9999.0 -9999.0 -9999.0
1738.2337649086285 1775.5129855222071 1738.2337649086285 1700.9545442950503 1738.2337649086285 1775.5129855222071 1812.7922061357858 381.8376618407357 906.3961030678928 816.3961030678928 779.1168824543142 636.3961030678928 471.8376618407357 381.8376618407357 254.55844122715712 127.27922061357856 90.0 127.27922061357856 1086.396103067893 1049.1168824543142 1086.396103067893 381.8376618407357 217.27922061357856 127.27922061357856 0.0 0.0 90.0 127.27922061357856 0.0 127.27922061357856 -9999.0 -9999.0 -9999.0 -9999.0 -9999.0 -9999.0 -9999.0 -9999.0 -9999.0 -9999.0 -9999.0 -9999.0 -9999.0 -9999.0 -9999.0 -9999.0 -9999.0 -9999.0 -9999.0 -9999.0 -9999.0 -9999.0 -9999.0 -9999.0
1648.2337649086285 1685.5129855222071 1648.2337649086285 1610.9545442950503 1648.2337649086285 1685.5129855222071 1775.5129855222071 1865.5129855222071 943.6753236814714 906.3961030678928 869.1168824543142 906.3961030678928 763.6753236814714 381.8376618407357 254.55844122715712 217.27922061357856 254.55844122715712 1213.6753236814716 1049.1168824543142 959.1168824543142 921.8376618407357 959.1168824543142 254.55844122715712 127.27922061357856 90.0 0.0 0.0 90.0 254.55844122715712 127.27922061357856 90.0 -9999.0 -9999.0 -9999.0 -9999.0 -9999.0 -9999.0 -9999.0 -9999.0 -9999.0 -9999.0 -9999.0 -9999.0 -9999.0 -9999.0 -9999.0 -9999.0 -9999.0 -9999.0 -9999.0 -9999.0 -9999.0 -9999.0 -9999.0
1483.6753236814716 1520.9545442950503 1558.2337649086285 1520.9545442950503 1558.2337649086285 1648.2337649086285 1738.2337649086285 1902.7922061357858 1250.9545442950498 1288.2337649086285 1325.5129855222071 1325.5129855222071 1160.9545442950498 1123.6753236814714 344.5584412271571 381.8376618407357 1340.9545442950498 1176.396103067893 1086.396103067893 869.1168824543142 831.8376618407357 869.1168824543142 254.55844122715712 217.27922061357856 127.27922061357856 90.0 0.0 127.27922061357856 217.27922061357856 307.27922061357856 127.27922061357856 90.0 -9999.0 -9999.0 -9999.0 -9999.0 -9999.0 -9999.0 -9999.0 -9999.0 -9999.0 -9999.0 -9999.0 -9999.0 -9999.0 -9999.0 -9999.0 -9999.0 -9999.0 -9999.0 -9999.0 -9999.0 -9999.0 -9999.0
1393.6753236814716 1430.9545442950503 1393.6753236814716 1430.9545442950503 1468.2337649086285 1685.5129855222071 1775.5129855222071 1123.6753236814714 1160.9545442950498 1198.2337649086285 1160.9545442950498 1198.2337649086285 1198.2337649086285 1033.6753236814714 996.3961030678928 1468.2337649086285 816.3961030678928 779.1168824543142 741.8376618407357 779.1168824543142 741.8376618407357 779.1168824543142 741.8376618407357 254.55844122715712 217.27922061357856 127.27922061357856 127.27922061357856 90.0 127.27922061357856 217.27922061357856 307.27922061357856 127.27922061357856 -9999.0 -9999.0 -9999.0 -9999.0 -9999.0 -9999.0 -9999.0 -9999.0 -9999.0 -9999.0 -9999.0 -9999.0 -9999.0 -9999.0 -9999.0 -9999.0 -9999.0 -9999.0 -9999.0 -9999.0 -9999.0 -9999.0
1303.6753236814716 1340.9545442950498 1303.6753236814716 1340.9545442950498 1430.9545442950503 1595.5129855222071 996.3961030678928 1033.6753236814714 1070.9545442950498 1033.6753236814714 1070.9545442950498 1108.2337649086285 1160.9545442950498 1070.9545442950498 906.3961030678928 869.1168824543142 726.3961030678928 689.1168824543142 651.8376618407357 614.5584412271571 651.8376618407357 614.5584412271571 651.8376618407357 689.1168824543142 254.55844122715712 254.55844122715712 90.0 0.0 90.0 180.0 270.0 127.27922061357856 -9999.0 -9999.0 -9999.0 -9999.0 -9999.0 -9999.0 -9999.0 -9999.0 -9999.0 -9999.0 -9999.0 -9999.0 -9999.0 -9999.0 -9999.0 -9999.0 -9999.0 -9999.0 -9999.0 -9999.0 -9999.0 -9999.0
1213.6753236814714 1176.396103067893 1213.6753236814714 1303.6753236814716 1468.2337649086285 943.6753236814714 906.3961030678928 943.6753236814714 906.3961030678928 943.6753236814714 980.9545442950499 1070.9545442950498 1123.6753236814714 1033.6753236814714 943.6753236814714 779.1168824543142 689.1168824543142 599.1168824543142 561.8376618407357 524.5584412271571 487.27922061357856 524.5584412271571 561.8376618407357 599.1168824543142 561.8376618407357 127.27922061357856 127.27922061357856 0.0 127.27922061357856 127.27922061357856 90.0 127.27922061357856 -9999.0 -9999.0 -9999.0 -9999.0 -9999.0 -9999.0 -9999.0 -9999.0 -9999.0 -9999.0 -9999.0 -9999.0 -9999.0 -9999.0 -9999.0 -9999.0 -9999.0 -9999.0 -9999.0 -9999.0 -9999.0 -9999.0
1049.1168824543142 1086.396103067893 1176.396103067893 1340.9545442950498 816.3961030678928 779.1168824543142 816.3961030678928 853.6753236814714 816.3961030678928 853.6753236814714 943.6753236814714 1033.6753236814714 1086.396103067893 996.3961030678928 906.3961030678928 816.3961030678928 651.8376618407357 561.8376618407357 471.8376618407357 434.5584412271571 397.27922061357856 434.5584412271571 524.5584412271571 434.5584412271571 471.8376618407357 90.0 0.0 0.0 127.27922061357856 90.0 -9999.0 -9999.0 -9999.0 -9999.0 -9999.0 -9999.0 -9999.0 -9999.0 -9999.0 -9999.0 -9999.0 -9999.0 -9999.0 -9999.0 -9999.0 -9999.0 -9999.0 -9999.0 -9999.0 -9999.0 -9999.0 -9999.0 -9999.0 -9999.0
959.1168824543142 1049.1168824543142 1139.1168824543142 689.1168824543142 726.3961030678928 689.1168824543142 726.3961030678928 689.1168824543142 726.3961030678928 816.3961030678928 906.3961030678928 1070.9545442950498 921.8376618407357 1033.6753236814714 943.6753236814714 779.1168824543142 689.1168824543142 524.5584412271571 434.5584412271571 344.5584412271571 307.27922061357856 344.5584412271571 381.8376618407357 344.5584412271571 434.5584412271571 127.27922061357856 0.0 127.27922061357856 90.0 -9999.0 -9999.0 -9999.0 -9999.0 -9999.0 -9999.0 -9999.0 -9999.0 -9999.0 -9999.0 -9999.0 -9999.0 -9999.0 -9999.0 -9999.0 -9999.0 -9999.0 -9999.0 -9999.0 -9999.0 -9999.0 -9999.0 -9999.0 -9999.0 -9999.0
921.8376618407357 1086.396103067893 1176.396103067893 599.1168824543142 561.8376618407357 599.1168824543142 561.8376618407357 599.1168824543142 689.1168824543142 779.1168824543142 943.6753236814714 1033.6753236814714 831.8376618407357 794.5584412271571 906.3961030678928 741.8376618407357 651.8376618407357 561.8376618407357 471.8376618407357 254.55844122715712 217.27922061357856 254.55844122715712 217.27922061357856 254.55844122715712 254.55844122715712 344.5584412271571 434.5584412271571 127.27922061357856 127.27922061357856 -9999.0 -9999.0 -9999.0 -9999.0 -9999.0 -9999.0 -9999.0 -9999.0 -9999.0 -9999.0 -9999.0 -9999.0 -9999.0 -9999.0 -9999.0 -9999.0 -9999.0 -9999.0 -9999.0 -9999.0 -9999.0 -9999.0 -9999.0 -9999.0 -9999.0
959.1168824543142 816.3961030678928 471.8376618407357 434.5584412271571 471.8376618407357 434.5584412271571 471.8376618407357 561.8376618407357 651.8376618407357 816.3961030678928 906.3961030678928 996.3961030678928 741.8376618407357 704.5584412271571 667.2792206135786 779.1168824543142 381.8376618407357 599.1168824543142 381.8376618407357 217.27922061357856 127.27922061357856 90.0 127.27922061357856 127.27922061357856 217.27922061357856 307.27922061357856 397.27922061357856 561.8376618407357 127.27922061357856 -9999.0 -9999.0 -9999.0 -9999.0 -9999.0 -9999.0 -9999.0 -9999.0 -9999.0 -9999.0 -9999.0 -9999.0 -9999.0 -9999.0 -9999.0 -9999.0 -9999.0 -9999.0 -9999.0 -9999.0 -9999.0 -9999.0 -9999.0 -9999.0 -9999.0
689.1168824543142 726.3961030678928 381.8376618407357 344.5584412271571 307.27922061357856 344.5584412271571 381.8376618407357 599.1168824543142 689.1168824543142 779.1168824543142 869.1168824543142 689.1168824543142 651.8376618407357 614.5584412271571 577.2792206135786 381.8376618407357 344.5584412271571 254.55844122715712 217.27922061357856 127.27922061357856 90.0 0.0 0.0 90.0 180.0 344.5584412271571 434.5584412271571 524.5584412271571 127.27922061357856 -9999.0 -9999.0 -9999.0 -9999.0 -9999.0 -9999.0 -9999.0 -9999.0 -9999.0 -9999.0 -9999.0 -9999.0 -9999.0 -9999.0 -9999.0 -9999.0 -9999.0 -9999.0 -9999.0 -9999.0 -9999.0 -9999.0 -9999.0 -9999.0 -9999.0
