src/main/results/IDWRain.asc
ncols    218
nrows    236
xllcorner    466515.47101027
yllcorner    2626221.2241437
cellsize    90.0
NODATA_value    -9999
[rows 92 to 114 of 236, columns 104 to 155 of 218]
7.595348558723028 7.603077862176482 7.608206564177314 7.6108248939730725 7.611051558247052 7.609032495581648 7.60493840317722 7.598961094140744 7.5913088431495375 7.582200968832094 7.5718619704360375 7.560515574465173 7.548379048643788 7.5356581060376 7.522542657107854 7.509203581805645 7.495790599645139 7.482431225078111 7.469230718408429 7.456272885527692 7.443621545665956 7.431322474359598 7.4194056355291265 7.407887537012272 7.39677357276922 7.38606024735999 7.375737210249793 7.365789056277839 7.356196872642579 7.34693953140394 7.337994739896178 7.329339870160247 7.320952593356321 -9999.0 -9999.0 -9999.0 -9999.0 -9999.0 -9999.0 -9999.0 -9999.0 -9999.0 -9999.0 -9999.0 -9999.0 -9999.0 -9999.0 -9999.0 -9999.0 -9999.0 -9999.0 -9999.0
7.739054625245643 7.749748936239543 7.757499193467893 7.762355069636822 7.7643994909195735 7.763748683289163 7.760550803160923 7.7549831370867865 7.747247972267712 7.7375673532856 7.726177035585923 7.713320010055791 7.699239997483543 7.684175294897606 7.668353302197717 7.651985976624269 7.635266366927752 7.618366281567922 7.601435057169461 7.584599322877123 7.5679636074579 7.5516116096174235 7.535607945773066 7.520000199351799 7.504821116659857 7.490090821685918 7.47581895170901 7.462006644129886 7.448648330427261 7.435733314409423 7.423247128603384 7.411172674858564 7.3994911635381655 -9999.0 -9999.0 -9999.0 -9999.0 -9999.0 -9999.0 -9999.0 -9999.0 -9999.0 -9999.0 -9999.0 -9999.0 -9999.0 -9999.0 -9999.0 -9999.0 -9999.0 -9999.0 -9999.0
7.886109237926702 7.899813274901992 7.910198728309306 7.917272699636613 7.921081475319257 7.9217119963212435 7.919291632730586 7.913986163487728 7.9059960084053085 7.895550909385525 7.882903389908216 7.868321418558555 7.85208075157779 7.834457427120335 7.815720834263233 7.796127693697619 7.775917179251238 7.75530729561554 7.734492521684983 7.713642640879684 7.692902615400689 7.672393322017169 7.652212950796942 7.632438871056829 7.613129785587548 7.594328019693897 7.576061821182931 7.558347577494283 7.54119188413626 7.524593422912828 7.508544628376624 7.4930331364195 7.478043020226296 -9999.0 -9999.0 -9999.0 -9999.0 -9999.0 -9999.0 -9999.0 -9999.0 -9999.0 -9999.0 -9999.0 -9999.0 -9999.0 -9999.0 -9999.0 -9999.0 -9999.0 -9999.0 -9999.0
8.036598669703867 8.053384823084357 8.066443676003784 8.075736633834612 8.081271528455906 8.083105719499851 8.081347111472878 8.076152883584577 8.067725922502207 8.056309151633057 8.042178135030237 8.025632473706287 8.00698658936627 7.986560499052412 7.964671129252183 7.941624614220471 7.917709890371655 7.893193757200948 7.8683174430695715 7.843294604037639 7.8183106026389755 7.793522862629284 7.7690620727970945 7.745034012862884 7.721521791162891 7.69858831110596 7.676278815958316 7.654623395149939 7.633639367038851 7.613333481082211 7.59370390574354 7.574741987006115 7.556433776323953 -9999.0 -9999.0 -9999.0 -9999.0 -9999.0 -9999.0 -9999.0 -9999.0 -9999.0 -9999.0 -9999.0 -9999.0 -9999.0 -9999.0 -9999.0 -9999.0 -9999.0 -9999.0 -9999.0
8.190609303012975 8.210580920864173 8.226378585826675 8.237913535954286 8.245152201847642 8.248121251010604 8.246910020563508 8.241670002003595 8.232611304210405 8.219996302900025 8.204130943491455 8.185354361443181 8.164027593789491 8.140522169405912 8.115209292251738 8.088450193327924 8.060588051812388 8.031941702274594 8.002801176484665 7.973424990839674 7.94403899136964 7.914836508213922 7.885979545993296 7.857600738509211 7.829805817657102 7.802676379765817 7.776272771413039 7.750636956300012 7.725795261714996 7.701760935526947 7.678536471634877 7.656115683217848 7.634485519341338 7.6136276321132605 -9999.0 -9999.0 -9999.0 -9999.0 -9999.0 -9999.0 -9999.0 -9999.0 -9999.0 -9999.0 -9999.0 -9999.0 -9999.0 -9999.0 -9999.0 -9999.0 -9999.0 -9999.0
8.348224469745276 8.371520026317683 8.390152621581437 8.403977184111119 8.412914409552368 8.41695820107201 8.416179790336844 8.410728022753876 8.400825655519991 8.386761914688696 8.368881922907942 8.34757388468295 8.32325506347836 8.296357594702398 8.267315066973563 8.236550606049455 8.20446695420711 8.17143879315341 8.137807341802525 8.103877090246508 8.069914414878811 8.036147754605894 8.00276900629369 7.969935808324316 7.937774413471768 7.906382896651699 7.87583449190694 7.846180900882112 7.8174554586096106 7.789676079855711 7.762847939911108 7.736965867695046 7.7120164469904875 7.687979834393236 -9999.0 -9999.0 -9999.0 -9999.0 -9999.0 -9999.0 -9999.0 -9999.0 -9999.0 -9999.0 -9999.0 -9999.0 -9999.0 -9999.0 -9999.0 -9999.0 -9999.0 -9999.0
8.509520670833732 8.536319037139133 8.55791794956929 8.574107766717757 8.584757364043837 8.589824622754112 8.58936265056558 8.583520964854756 8.57254138573899 8.556748956479035 8.536538729764416 8.512359641654543 8.484696885573763 8.454054187207003 8.420937198917063 8.385838937357176 8.349227846172349 8.311538735038377 8.273166567398667 8.234462862915972 8.19573435050377 8.15724344560929 8.119210116684187 8.081814734294156 8.045201547189327 8.009482490844785 7.974741096744125 7.941036329341379 7.908406229015526 7.87687128208939 7.846437473025407 7.817098999891925 7.788840653163646 -9999.0 -9999.0 -9999.0 -9999.0 -9999.0 -9999.0 -9999.0 -9999.0 -9999.0 -9999.0 -9999.0 -9999.0 -9999.0 -9999.0 -9999.0 -9999.0 -9999.0 -9999.0 -9999.0
8.674562882905695 8.705089980268438 8.72982778435734 8.748491085747762 8.760888582821947 8.766937358743734 8.766671813926633 8.760245915551028 8.74792837204944 8.730091171070827 8.70719267212052 8.679756979733774 8.648351559928244 8.613564997677981 8.575986487125526 8.536188196913885 8.49471116287061 8.452054912042017 8.408670666912334 8.364957736102365 8.321262563222149 8.277879859743836 8.235055266112113 8.192989043848844 8.151840380257113 8.111731971882541 8.072754633596432 8.034971751618318 7.998423458624331 7.9631304569372094 7.929097452505607 7.89631618940127 -9999.0 -9999.0 -9999.0 -9999.0 -9999.0 -9999.0 -9999.0 -9999.0 -9999.0 -9999.0 -9999.0 -9999.0 -9999.0 -9999.0 -9999.0 -9999.0 -9999.0 -9999.0 -9999.0 -9999.0
8.843398555634865 8.87793575530004 8.90603388011285 8.927317554470099 8.941523925850301 8.948522492767612 8.948327659005798 8.941102320999946 8.927151892929189 8.906909407777684 8.880913436534641 8.84978131711704 8.81418046303347 8.774800342823749 8.732327202260628 8.687422908671298 8.640708590312968 8.59275313949278 8.544066205809152 8.495095036018562 8.446224397371335 8.397778814202274 8.350026413361626 8.303183778619777 8.257421332096321 8.21286887543395 8.169621025492154 8.127742364673656 8.087272193939501 8.048228828404111 8.010613413358406 -9999.0 -9999.0 -9999.0 -9999.0 -9999.0 -9999.0 -9999.0 -9999.0 -9999.0 -9999.0 -9999.0 -9999.0 -9999.0 -9999.0 -9999.0 -9999.0 -9999.0 -9999.0 -9999.0 -9999.0 -9999.0
9.016049750315059 9.054944489758364 9.086683168302528 9.110780834191036 9.126887615398353 9.134815898257099 9.134557869617105 9.126290870185175 9.110369653619845 9.08730651780435 9.057741923416819 9.022409271233233 8.982097804282768 8.93761719364619 8.889766483578923 8.83930899824421 8.786953796339393 8.733343457837494 8.679047457877072 8.624560111573688 8.570302004796385 8.516623892622672 8.463812188638864 8.412095338528236 8.36165054032541 8.312610424446696 8.265069431866978 8.219089727442253 8.174706559585681 8.131933031014732 8.090764282177691 -9999.0 -9999.0 -9999.0 -9999.0 -9999.0 -9999.0 -9999.0 -9999.0 -9999.0 -9999.0 -9999.0 -9999.0 -9999.0 -9999.0 -9999.0 -9999.0 -9999.0 -9999.0 -9999.0 -9999.0 -9999.0
9.192502643382173 9.236181868099164 9.27191310434556 9.299075883875192 9.317212172881964 9.326063879956134 9.325597469416195 9.316011756309491 9.297727484928165 9.271360202385713 9.237680453219077 9.19756681698632 9.151957546845809 9.10180571411568 9.048041259413928 8.991541686282222 8.933111685887717 8.873470947400046 8.81324881978628 8.7529842749108 8.693129665405742 8.634056962776667 8.576065414927282 8.51938982046318 8.46420884798881 8.410653018717904 8.358812118067757 8.308741910562064 8.260470108885587 8.214001599284565 -9999.0 -9999.0 -9999.0 -9999.0 -9999.0 -9999.0 -9999.0 -9999.0 -9999.0 -9999.0 -9999.0 -9999.0 -9999.0 -9999.0 -9999.0 -9999.0 -9999.0 -9999.0 -9999.0 -9999.0 -9999.0 -9999.0
9.372693280578439 9.421680491677414 9.461845064004002 9.492396079339475 9.512738176662623 9.522523906749496 9.521688659587152 9.51046198278709 9.489353077161217 9.459112905405766 9.420679277043412 9.375113394173631 9.323536329366043 9.26707219226872 9.206802176877742 9.143731110389524 9.078766103468734 9.012705636992948 8.94623685527716 8.879938783996986 8.814289444363931 8.749675223280928 8.686401268289465 8.624702043218795 8.564751479497625 8.506672385458437 8.450544939436675 8.396414204118805 8.34429667181673 8.294185893991955 -9999.0 -9999.0 -9999.0 -9999.0 -9999.0 -9999.0 -9999.0 -9999.0 -9999.0 -9999.0 -9999.0 -9999.0 -9999.0 -9999.0 -9999.0 -9999.0 -9999.0 -9999.0 -9999.0 -9999.0 -9999.0 -9999.0
9.55648796036732 9.611424847634142 9.656574768300134 9.690928861625032 9.71371369073875 9.724465436180502 9.723080313067083 9.70983118516692 9.685346754343003 9.650557373657263 9.606617833538133 9.554820457553962 9.496511124115544 9.433017450013237 9.365594001194127 9.295385469635368 9.223406035161508 9.150531732433253 9.077502292222519 9.0049292275761 8.933307541445787 8.86302910452593 8.794396359127411 8.727635493543167 8.66290859457335 8.600324539246872 8.53994855346492 8.481810468191934 8.425911762217392 8.372231509267724 -9999.0 -9999.0 -9999.0 -9999.0 -9999.0 -9999.0 -9999.0 -9999.0 -9999.0 -9999.0 -9999.0 -9999.0 -9999.0 -9999.0 -9999.0 -9999.0 -9999.0 -9999.0 -9999.0 -9999.0 -9999.0 -9999.0
9.743655860809971 9.805329698975378 9.856158112140179 9.894849034832774 9.920393118113076 9.932170833057546 9.930026882704757 9.914295104290638 9.885767700514311 9.845615760844325 9.79527845418046 9.73634237309094 9.670430004116742 9.599109686596783 9.523831999955956 9.445891660217276 9.366410592606966 9.286336628038525 9.206452509275312 9.12739084814213 9.049651821959191 8.973621444707833 8.89958908027063 8.827763467297892 8.758286930532382 8.691247708236904 8.62669047369822 8.564625206090103 8.505034598374593 8.447880195470411 8.3931074465401 -9999.0 -9999.0 -9999.0 -9999.0 -9999.0 -9999.0 -9999.0 -9999.0 -9999.0 -9999.0 -9999.0 -9999.0 -9999.0 -9999.0 -9999.0 -9999.0 -9999.0 -9999.0 -9999.0 -9999.0 -9999.0
9.93383037094475 10.003208465625727 10.0605897399437 10.104308231778807 10.13303505706567 10.145936386312286 10.142786305857637 10.124005250823938 10.090613036789392 10.044108940510561 9.986309104457355 9.919176768238856 9.844673998245545 9.764650677970547 9.680774046169226 9.594493719381232 9.507033441692522 9.41940051282722 9.332405334847042 9.246685554040125 9.162731169039631 9.080908458804961 9.001481624224784 8.924631707461419 8.850472751811791 8.77906538008316 8.710428068846356 8.644546426571809 8.581380776402533 8.520872318310662 8.462948111923186 -9999.0 -9999.0 -9999.0 -9999.0 -9999.0 -9999.0 -9999.0 -9999.0 -9999.0 -9999.0 -9999.0 -9999.0 -9999.0 -9999.0 -9999.0 -9999.0 -9999.0 -9999.0 -9999.0 -9999.0 -9999.0
10.126453861026683 10.204726120647443 10.26976989820752 10.319417959372966 10.351898406029191 10.366073429944759 10.361616157109541 10.339072208110258 10.2997853685321 10.245710700798135 10.179170081199961 10.102610429674655 10.01840769414524 9.928734471414817 9.83548869727477 9.740270019678213 9.644387927920024 9.548887867402108 9.454585340874468 9.36210161641963 9.27189744867937 9.184303101269482 9.099544107886226 9.017762846792724 8.939036314228115 8.863390600594766 8.790812586471764 8.721259336919303 8.654665612855991 8.59094985406561 8.530018927817173 -9999.0 -9999.0 -9999.0 -9999.0 -9999.0 -9999.0 -9999.0 -9999.0 -9999.0 -9999.0 -9999.0 -9999.0 -9999.0 -9999.0 -9999.0 -9999.0 -9999.0 -9999.0 -9999.0 -9999.0 -9999.0
10.32069810158073 10.409327721766754 10.483451812594843 10.540221516266008 10.577235303104723 10.592909575535748 10.586766644939914 10.559537927106991 10.513041202413664 10.449878180148987 10.37305715121131 10.285645702941519 10.190516267221206 10.090198467861804 9.986820556937326 9.882111189119854 9.777435004590211 9.673842772918714 9.572124226836292 9.4728572911351 9.376451002716975 9.283181468062326 9.193221240357635 9.106662934649336 9.023538011641403 8.943831615353332 8.867494239650311 8.794450871861345 8.724608141118125 8.657859893820607 8.594091531004352 -9999.0 -9999.0 -9999.0 -9999.0 -9999.0 -9999.0 -9999.0 -9999.0 -9999.0 -9999.0 -9999.0 -9999.0 -9999.0 -9999.0 -9999.0 -9999.0 -9999.0 -9999.0 -9999.0 -9999.0 -9999.0
10.515349062417002 10.616128021425306 10.701155712605368 10.766645819696436 10.809278102334979 10.826790065479331 10.818467672628163 10.785328164839587 10.729906626877247 10.655744378898763 10.566790265122338 10.46690148452136 10.359527554111708 10.247568572741205 10.133356113652546 10.018702311196845 9.9049772084902 9.793190680438334 9.6840672966741 9.578109792935502 9.475650635337033 9.376892857220888 9.281941905923262 9.190830250801062 9.10353629637343 9.019998875171126 8.940128335206026 8.863815013499014 8.79093570547628 8.721358597067136 8.65494701585762 -9999.0 -9999.0 -9999.0 -9999.0 -9999.0 -9999.0 -9999.0 -9999.0 -9999.0 -9999.0 -9999.0 -9999.0 -9999.0 -9999.0 -9999.0 -9999.0 -9999.0 -9999.0 -9999.0 -9999.0 -9999.0
10.708640704206678 10.823738287066199 10.922023865339487 10.998415161506601 11.048214482843505 11.068079257838285 11.056904096837144 11.016167314571073 10.949535116981627 10.861949525141375 10.758653023960287 10.64448346554975 10.523520822986708 10.399003699023286 10.27339632960862 10.1485151453019 10.025663269237837 9.905749991731252 9.789388314827253 9.676971088239117 9.568728972541212 9.464773969666012 9.36513188658553 9.269766471817473 9.178597346299554 9.091513328541772 9.008382343768384 8.929058795767006 8.853389048972055 8.781215498199373 8.712379578859343 -9999.0 -9999.0 -9999.0 -9999.0 -9999.0 -9999.0 -9999.0 -9999.0 -9999.0 -9999.0 -9999.0 -9999.0 -9999.0 -9999.0 -9999.0 -9999.0 -9999.0 -9999.0 -9999.0 -9999.0 -9999.0
10.898019648607994 11.02999209617881 11.144567897558884 11.234888612583825 11.29413721998344 11.31716225560007 11.302165797442603 11.251417832330288 11.170459695370033 11.066374110320597 10.946165491486967 10.815823127579339 10.6800311068254 10.542251313965899 10.404946728719727 10.269818724139506 10.138009197385191 10.010257222528603 9.887014997347064 9.768531740166281 9.654913779116644 9.546167444916144 9.442229698983509 9.342990051523518 9.248306290789728 9.158015800661346 9.071943718429672 8.989908817036572 8.911727739191242 8.837218031096242 8.766200297289245 8.69849970897949 -9999.0 -9999.0 -9999.0 -9999.0 -9999.0 -9999.0 -9999.0 -9999.0 -9999.0 -9999.0 -9999.0 -9999.0 -9999.0 -9999.0 -9999.0 -9999.0 -9999.0 -9999.0 -9999.0 -9999.0
11.079828368651624 11.231513626469964 11.366214341648972 11.474733931668355 11.54693474403333 11.574446695158978 11.55413889599035 11.48975822239258 11.390147237646 11.265718713045667 11.12577861125349 10.977500131834267 10.825972384248718 10.674635619763457 10.525741178126358 10.380719027111969 10.240442264972732 10.105409237974765 9.975866799309472 9.851893401440922 9.733455251344417 9.620444466763011 9.512705165795383 9.410051411590707 9.312279612974173 9.2191771176448 9.130528167636376 9.046118012328035 8.96573572492848 8.88917610070897 8.816240901454933 8.746739632609637 -9999.0 -9999.0 -9999.0 -9999.0 -9999.0 -9999.0 -9999.0 -9999.0 -9999.0 -9999.0 -9999.0 -9999.0 -9999.0 -9999.0 -9999.0 -9999.0 -9999.0 -9999.0 -9999.0 -9999.0
11.248928308087251 11.423064832962114 11.58247040463598 11.715224935345123 11.80602605739547 11.84036471112075 11.812242296945096 11.728489252983408 11.604180474981495 11.454868955709443 11.292511315565502 11.125098495710638 10.957627006376413 10.793112212162788 10.633320062241742 10.479238951567725 10.331373194471288 10.189924540099165 10.05490525366508 9.926209413645438 9.803658446905331 9.687030553993438 9.576079904045878 9.470549234128965 9.370178136523947 9.274708491575035 9.18388799075585 9.09747237082007 9.015226772331227 8.936926500848937 8.862357380035357 8.791315826535238 -9999.0 -9999.0 -9999.0 -9999.0 -9999.0 -9999.0 -9999.0 -9999.0 -9999.0 -9999.0 -9999.0 -9999.0 -9999.0 -9999.0 -9999.0 -9999.0 -9999.0 -9999.0 -9999.0 -9999.0
11.398387924018309 11.596677525477002 11.785415591853166 11.950608255662262 12.069616971367664 12.115375097074121 12.07468853577715 11.961921428965198 11.804779387859059 11.62605211404484 11.439651824280752 11.253213436695338 11.070779049323297 10.89443181115993 10.72518280039407 10.563446083980566 10.409297971457077 10.262622413690003 10.123194793832505 9.990731361605782 9.864918932061748 9.745432938164281 9.631948447962904 9.524146847578205 9.421719811954887 9.324371558598656 9.231820006467183 9.143797235163905 9.060049498677643 8.980336958926605 8.904433247320053 8.832124925508488 8.763210892181858 -9999.0 -9999.0 -9999.0 -9999.0 -9999.0 -9999.0 -9999.0 -9999.0 -9999.0 -9999.0 -9999.0 -9999.0 -9999.0 -9999.0 -9999.0 -9999.0 -9999.0 -9999.0 -9999.0
