src/main/results/IDWRain.asc
ncols    218
nrows    236
xllcorner    466515.47101027
yllcorner    2626221.2241437
cellsize    90.0
NODATA_value    -9999
[rows 115 to 137 of 236, columns 104 to 155 of 218]
11.519583940904797 11.740918190720581 11.96129789489435 12.168105461489578 12.332131295334916 12.399965684859428 12.335931013292475 12.177428292838595 11.97844615771011 11.768125450016667 11.558860668048887 11.355809325260065 11.16108483053608 10.97544752625511 10.799022274742825 10.631625386330148 10.472923362231864 10.322513942242267 10.179968980071326 10.044857580557776 9.916758603502833 9.795267255670252 9.679998321737035 9.57058745966207 9.466691379154243 9.367987383512853 9.274172560898396 9.18496279692737 9.10009171205016 9.019309585517306 8.942382302107834 8.869090341922098 8.799227823705573 8.732601606108863 -9999.0 -9999.0 -9999.0 -9999.0 -9999.0 -9999.0 -9999.0 -9999.0 -9999.0 -9999.0 -9999.0 -9999.0 -9999.0 -9999.0 -9999.0 -9999.0 -9999.0 -9999.0
11.603332755371465 11.841536787431028 12.088460457075792 12.339033509316561 12.572475685084562 12.694655968157287 12.575002553789908 12.346682664885996 12.103938976140212 11.867216456578607 11.641272039581805 11.42713999688657 11.224728064397578 11.033557695159676 10.853020170834167 10.682476742246747 10.521300411654275 10.368893447824416 10.224694056285985 10.088177990443313 9.958857773477218 9.836280825847924 9.720027147179398 9.609706882433407 9.504957938817757 9.40544373378267 9.310851108403286 9.220888415754724 9.1352837808669 9.053783522307393 8.97615072252542 8.90216393319478 8.831616002001587 8.764313008106223 -9999.0 -9999.0 -9999.0 -9999.0 -9999.0 -9999.0 -9999.0 -9999.0 -9999.0 -9999.0 -9999.0 -9999.0 -9999.0 -9999.0 -9999.0 -9999.0 -9999.0 -9999.0
11.642484298605568 11.8856086075295 12.141834600684218 12.412199925116248 12.697840057628996 13.0 12.699673113497735 12.419150033214407 12.156693645223713 11.910767927730124 11.680008997551969 11.463201004824855 11.25925596216904 11.067196786123349 10.886142976052188 10.715298470014663 10.553941306324827 10.401414789694533 10.2571199163767 10.120508856947417 9.991079330797193 9.86836973495808 9.75195491303929 9.641442468907053 9.536469545197532 9.43669999947499 9.341821921372476 9.25154544279791 9.165600800585407 9.083736617082925 9.005718369302999 8.931327021592383 8.860357800434972 8.792619093101385 -9999.0 -9999.0 -9999.0 -9999.0 -9999.0 -9999.0 -9999.0 -9999.0 -9999.0 -9999.0 -9999.0 -9999.0 -9999.0 -9999.0 -9999.0 -9999.0 -9999.0 -9999.0
11.635072082490662 11.868770834527213 12.110626121620156 12.35564545717032 12.583546826261856 12.702697241638017 12.586082790231107 12.363327691977595 12.126181570634662 11.8945906545657 11.673230446986647 11.463147398891312 11.264285819372128 11.07620912784157 10.898349913774542 10.730108090031637 10.570892132428673 10.420136597720667 10.277308999919162 10.141911691331323 10.013481360061416 9.891587415149813 9.77582989979701 9.66583726112235 9.56126414445027 9.461789295210425 9.36711360579884 9.27695831996631 9.191063394014858 9.10918600721391 9.031099210596134 8.956590702080499 8.885461715793598 8.817526013994135 -9999.0 -9999.0 -9999.0 -9999.0 -9999.0 -9999.0 -9999.0 -9999.0 -9999.0 -9999.0 -9999.0 -9999.0 -9999.0 -9999.0 -9999.0 -9999.0 -9999.0 -9999.0
11.585583192772178 11.79884740216842 12.010561443177831 12.208673066895042 12.365428853902316 12.430208553415273 12.369264692535952 12.218092555901464 12.027903105318055 11.82638146457746 11.625350146348305 11.429769296487006 11.241706500295285 11.061938976401315 10.890634320343738 10.727661283953472 10.572741148192689 10.425525359929395 10.285636870619022 10.152692653572567 10.026316042592414 9.906143382114443 9.79182742073292 9.683038811738463 9.579466507351228 9.480817510854182 9.386816265216506 9.297203847267179 9.211737070493554 9.130187559116695 9.05234083101426 8.977995411364748 8.906961989023554 8.83906262145179 -9999.0 -9999.0 -9999.0 -9999.0 -9999.0 -9999.0 -9999.0 -9999.0 -9999.0 -9999.0 -9999.0 -9999.0 -9999.0 -9999.0 -9999.0 -9999.0 -9999.0 -9999.0
11.503027189539727 11.691022174126818 11.869271928586153 12.024749626879968 12.13648775153092 12.179497495354497 12.141652367095178 12.03627848354659 11.88902082728036 11.721000706522128 11.545154958503694 11.368626209093478 11.19523450605383 11.026983015377239 10.864876315883398 10.709359485746258 10.560558309185938 10.418414436810972 10.282763613651142 10.153382089554178 10.030014701298656 9.912392100455726 9.800241395275473 9.69329271338433 9.591283195222909 9.493959348293489 9.401078346396275 9.312408646959875 9.227730168115631 9.146834183799282 9.06952304144665 8.995609771755992 8.924917636790624 8.857279647208621 -9999.0 -9999.0 -9999.0 -9999.0 -9999.0 -9999.0 -9999.0 -9999.0 -9999.0 -9999.0 -9999.0 -9999.0 -9999.0 -9999.0 -9999.0 -9999.0 -9999.0 -9999.0
11.397537918629107 11.56038037169795 11.708803112469534 11.831973164268945 11.916060515477886 11.948008490235585 11.922466112459569 11.845647693401324 11.73119590167424 11.593195957694265 11.442508302267477 11.286429559099332 11.129559684456835 10.974709475366524 10.823557081760248 10.677072172048906 10.535780364225339 10.39992726150595 10.269581018265182 10.144697296864368 10.025160977880592 9.910813289108576 9.801469641336455 9.696931447448154 9.596993988892853 9.501451651336577 9.410101389394796 9.32274498807418 9.23919050063782 9.159253119950076 9.082755659159682 9.009528763128529 8.939410935066258 -9999.0 -9999.0 -9999.0 -9999.0 -9999.0 -9999.0 -9999.0 -9999.0 -9999.0 -9999.0 -9999.0 -9999.0 -9999.0 -9999.0 -9999.0 -9999.0 -9999.0 -9999.0 -9999.0
11.27792605663047 11.418225005729678 11.542262456074543 11.641866734491868 11.70808679831453 11.733574990795141 11.715624079229652 11.657588093196722 11.56730782519995 11.454014791486637 11.325980429193036 11.189611239703686 11.049485804753935 10.908732054648407 10.769427975484158 10.632922742878726 10.500068465066516 10.371380230971345 10.24714481301966 10.127494245797056 10.012455786550543 9.901986047047677 9.795994477857398 9.69435963841333 9.596940536005008 9.503584562958526 9.41413306562772 9.328425250697823 9.246300915142188 9.167602338341396 9.092175574143292 9.019871311314136 -9999.0 -9999.0 -9999.0 -9999.0 -9999.0 -9999.0 -9999.0 -9999.0 -9999.0 -9999.0 -9999.0 -9999.0 -9999.0 -9999.0 -9999.0 -9999.0 -9999.0 -9999.0 -9999.0 -9999.0
11.150830092473708 11.271924348153057 11.376612021991203 11.458925358097098 11.512975968125273 11.534347926870621 11.521535958370546 11.476545349106642 11.404200844142409 11.310661093622123 11.202029165262392 11.083546772640542 10.959341318462101 10.83249261040109 10.705220760878081 10.579087299949236 10.455167203969292 10.334182710414607 10.216602734130717 10.102715095960503 9.992678487240541 9.886559747958762 9.78436063365682 9.686037089757269 9.591513181190226 9.50069119637767 9.41345899948941 9.329695392376802 9.249274028598071 9.172066268184933 9.097943253378029 -9999.0 -9999.0 -9999.0 -9999.0 -9999.0 -9999.0 -9999.0 -9999.0 -9999.0 -9999.0 -9999.0 -9999.0 -9999.0 -9999.0 -9999.0 -9999.0 -9999.0 -9999.0 -9999.0 -9999.0 -9999.0
11.020855408347533 11.125955198285597 11.215369508001956 11.284760045338873 11.330150633022589 11.348739393283106 11.339630692905558 11.304116297043189 11.245337007154504 11.167515436149746 11.07513744335635 10.972359432113642 10.862709261693698 10.749012616249907 10.633445733148553 10.51763878050819 10.402786742603567 10.289748469227458 10.179127919806472 10.07133786033801 9.966648579969785 9.865224655947829 9.767152516102353 9.672461049092963 9.581137012928517 9.493136567407433 9.408393920258671 9.3268278209888 9.248346445501031 9.172851073470099 9.100238856686214 -9999.0 -9999.0 -9999.0 -9999.0 -9999.0 -9999.0 -9999.0 -9999.0 -9999.0 -9999.0 -9999.0 -9999.0 -9999.0 -9999.0 -9999.0 -9999.0 -9999.0 -9999.0 -9999.0 -9999.0 -9999.0
10.891040325240628 10.982922640561565 11.060217549950387 11.119747775816277 11.158753946621898 11.175377921141717 11.169059362058386 11.140678628316936 11.092376343405373 11.027130995064606 10.948266609547728 10.85904202483372 10.762389540068533 10.660795825363413 10.55628324317737 10.450447414014015 10.344518527910527 10.239427026196276 10.135864041645263 10.034332929020373 9.935191345131567 9.83868474540845 9.744972644459034 9.654149021259991 9.566258097118979 9.481306507006195 9.399272681341795 9.320114078497898 9.243772763534576 9.170179714066267 -9999.0 -9999.0 -9999.0 -9999.0 -9999.0 -9999.0 -9999.0 -9999.0 -9999.0 -9999.0 -9999.0 -9999.0 -9999.0 -9999.0 -9999.0 -9999.0 -9999.0 -9999.0 -9999.0 -9999.0 -9999.0 -9999.0
10.763317584933986 10.844277426200886 10.91186361394288 10.963720192714641 10.99788245888297 11.013072644960953 11.008926569121183 10.98607108055557 10.946021058028986 10.890933812131216 10.823304551457488 10.745686244399622 10.660483606533635 10.569832302905107 10.475549394467249 10.379132287332245 10.281785143293508 10.184457423014596 10.087885046164667 9.992629064926184 9.899109603376665 9.807634458670623 9.718422601181565 9.631623174664783 9.547330701334854 9.465597172078695 9.38644162284336 9.309857703373911 9.23581965261981 9.164287014054512 -9999.0 -9999.0 -9999.0 -9999.0 -9999.0 -9999.0 -9999.0 -9999.0 -9999.0 -9999.0 -9999.0 -9999.0 -9999.0 -9999.0 -9999.0 -9999.0 -9999.0 -9999.0 -9999.0 -9999.0 -9999.0 -9999.0
10.638872303661218 10.710770047060215 10.77049315879073 10.81626998803776 10.846668884027947 10.860784367728927 10.858372688769856 10.839896036338109 10.806460390387452 10.759665930617826 10.701413077626187 10.633711004243002 10.558521981008582 10.477655413897573 10.392709628537897 10.305051082156321 10.215818688148568 10.125942567055457 10.036169424242539 9.947089539002983 9.859162503796014 9.77274031568244 9.688087323625327 9.605397041482021 9.524806089108166 9.44640562562019 9.370250656959222 9.296367575918087 9.224760250805645 -9999.0 -9999.0 -9999.0 -9999.0 -9999.0 -9999.0 -9999.0 -9999.0 -9999.0 -9999.0 -9999.0 -9999.0 -9999.0 -9999.0 -9999.0 -9999.0 -9999.0 -9999.0 -9999.0 -9999.0 -9999.0 -9999.0 -9999.0
10.518394231234605 10.58272831151398 10.636012187970358 10.676894570325288 10.704310535033063 10.717602022865417 10.716602125384624 10.7016614213487 10.673608721325316 10.633656260691724 10.583272656548507 10.524050676940119 10.457591570012848 10.385417898060606 10.308917392215497 10.229314033735703 10.147659762714456 10.064839970047732 9.981587029108896 9.898497644762557 9.81605122072444 9.73462756646343 9.654523055988808 9.57596486523256 9.499123224437273 9.424121792484975 9.351046341924913 9.27995197202519 -9999.0 -9999.0 -9999.0 -9999.0 -9999.0 -9999.0 -9999.0 -9999.0 -9999.0 -9999.0 -9999.0 -9999.0 -9999.0 -9999.0 -9999.0 -9999.0 -9999.0 -9999.0 -9999.0 -9999.0 -9999.0 -9999.0 -9999.0 -9999.0
10.402248280676412 10.460225909467551 10.508180000291421 10.545065740952795 10.570076411461157 10.582723394025788 10.582890361702326 10.570849531976764 10.547235902060645 10.512985073082652 10.469247848620288 10.41729767291897 10.358445014876143 10.293967869556047 10.225062055099816 10.152810655180595 10.078169430297462 10.001964107129055 9.92489561346863 9.847550016224915 9.770410756167571 9.693871541547695 9.618248876796162 9.543793650195807 9.470701508368235 9.399121938770449 9.329166095905498 -9999.0 -9999.0 -9999.0 -9999.0 -9999.0 -9999.0 -9999.0 -9999.0 -9999.0 -9999.0 -9999.0 -9999.0 -9999.0 -9999.0 -9999.0 -9999.0 -9999.0 -9999.0 -9999.0 -9999.0 -9999.0 -9999.0 -9999.0 -9999.0 -9999.0
10.29058786934591 10.343185261279833 10.386683322718802 10.420263810512907 10.44330563095639 10.455439220380736 10.45658240752144 10.446950746888854 10.427040048854716 10.397584377644195 10.35949726635715 10.313805955319543 10.26158785744182 10.203915966619903 10.141816752662159 10.076241248219649 10.00804806710629 9.93799607655737 9.866744181214136 9.79485588192196 9.72280669934139 9.650993030381898 9.579741440030633 9.509317743126733 9.439935494107763 9.371763688101689 9.304933599998996 -9999.0 -9999.0 -9999.0 -9999.0 -9999.0 -9999.0 -9999.0 -9999.0 -9999.0 -9999.0 -9999.0 -9999.0 -9999.0 -9999.0 -9999.0 -9999.0 -9999.0 -9999.0 -9999.0 -9999.0 -9999.0 -9999.0 -9999.0 -9999.0 -9999.0
10.18342986899589 10.231440791068332 10.271178280113658 10.301993882172424 10.323402473743318 10.335120013439347 10.3370878838797 10.32947962845688 10.312688770081976 10.287299693714433 10.25404630406862 10.213764600612071 10.167345241422382 10.115690917101139 10.059681527256627 10.000148331975142 9.937856822561345 9.873497159633029 9.807680620995109 9.740940456178775 9.673735714158752 9.606456876942243 9.539432414827557 9.472935634857327 9.407191403607113 9.342382485888333 9.27865535720203 -9999.0 -9999.0 -9999.0 -9999.0 -9999.0 -9999.0 -9999.0 -9999.0 -9999.0 -9999.0 -9999.0 -9999.0 -9999.0 -9999.0 -9999.0 -9999.0 -9999.0 -9999.0 -9999.0 -9999.0 -9999.0 -9999.0 -9999.0 -9999.0 -9999.0
10.080704190986594 10.124778158281678 10.161314254975826 10.189792926682472 10.209830332662849 10.22120506054722 10.223875020211198 10.21798193070131 10.203842618359369 10.18192836698154 10.15283527197515 10.11724953894162 10.075911785886811 10.029583787662405 9.979020045976736 9.924945413275077 9.86803899847769 9.808923867380434 9.748161640220223 9.686250933661832 9.62362861699099 9.560672977270691 9.497708056758123 9.435008598956836 9.372805195452543 9.311289354725735 9.25061831479545 -9999.0 -9999.0 -9999.0 -9999.0 -9999.0 -9999.0 -9999.0 -9999.0 -9999.0 -9999.0 -9999.0 -9999.0 -9999.0 -9999.0 -9999.0 -9999.0 -9999.0 -9999.0 -9999.0 -9999.0 -9999.0 -9999.0 -9999.0 -9999.0 -9999.0
9.982286672157983 10.022958703215275 10.056747322653205 10.083232032303629 10.102105581615362 10.113193203164805 10.116464570553278 10.112036841874662 10.100168310300493 10.081243461490827 10.055751337647873 10.02425979274701 9.987388391709663 9.945782407485073 9.900089760112968 9.85094201187309 9.798939845833784 9.744642913396097 9.688563577274655 9.631163889004764 9.572855087573302 9.513998943762914 9.45491036329496 9.395860770522148 9.337081903282158 9.278769747322006 -9999.0 -9999.0 -9999.0 -9999.0 -9999.0 -9999.0 -9999.0 -9999.0 -9999.0 -9999.0 -9999.0 -9999.0 -9999.0 -9999.0 -9999.0 -9999.0 -9999.0 -9999.0 -9999.0 -9999.0 -9999.0 -9999.0 -9999.0 -9999.0 -9999.0 -9999.0
9.888020937587976 9.925734680946347 9.957147582516862 9.981916135072613 9.999791797396949 10.01063506436752 10.0144240807658 10.01125673800299 10.00134595387046 9.985008664083631 9.962649777989816 9.934742828527744 9.901809210252514 9.864397764628928 9.823066119284336 9.778364726909087 9.730824083000735 9.68094520340265 9.629193149966046 9.575993211672824 9.521729264570126 9.466743822693282 9.411339328390323 9.355780292360265 9.300295965096044 -9999.0 -9999.0 -9999.0 -9999.0 -9999.0 -9999.0 -9999.0 -9999.0 -9999.0 -9999.0 -9999.0 -9999.0 -9999.0 -9999.0 -9999.0 -9999.0 -9999.0 -9999.0 -9999.0 -9999.0 -9999.0 -9999.0 -9999.0 -9999.0 -9999.0 -9999.0 -9999.0
9.797732947024322 9.83285868826812 9.862202874558657 9.885482472961275 9.902494500921822 9.91312646650906 9.9173626715293 9.91528567519527 9.90707272634771 9.89298752191349 9.873368135181721 9.848612293912906 9.819161329619005 9.78548406763378 9.748061724501836 9.707374587806363 9.663890938381561 9.618058387206563 9.570297570420173 9.520997987484623 9.470515676368736 9.41917238382049 9.367255893185895 9.315021202133677 9.262692285926992 -9999.0 -9999.0 -9999.0 -9999.0 -9999.0 -9999.0 -9999.0 -9999.0 -9999.0 -9999.0 -9999.0 -9999.0 -9999.0 -9999.0 -9999.0 -9999.0 -9999.0 -9999.0 -9999.0 -9999.0 -9999.0 -9999.0 -9999.0 -9999.0 -9999.0 -9999.0 -9999.0
9.711240653590231 9.744089393838433 9.771620346520661 9.793598445412739 9.809856457482141 9.820302831589798 9.824926376415561 9.823797293577254 9.817064440676877 9.804949071217639 9.787735630807994 9.765760428471081 9.739399117542497 9.709053909698834 9.675141329670433 9.638081133746976 9.598286802686157 9.556157814012737 9.512073724109126 9.46638995917174 9.419435128123041 9.371509625083014 9.322885275571778 9.273805789849845 -9999.0 -9999.0 -9999.0 -9999.0 -9999.0 -9999.0 -9999.0 -9999.0 -9999.0 -9999.0 -9999.0 -9999.0 -9999.0 -9999.0 -9999.0 -9999.0 -9999.0 -9999.0 -9999.0 -9999.0 -9999.0 -9999.0 -9999.0 -9999.0 -9999.0 -9999.0 -9999.0 -9999.0
9.628360376227654 9.659194898262196 9.685126748945967 9.70595925364108 9.721553517571795 9.731834397192635 9.736794016616523 9.736492503501129 9.731055861280634 9.72067115139413 9.705579390589572 9.686066740569085 9.662454659451388 9.63508969256951 9.604333515038158 9.570553721693289 9.534115716762702 9.495375909493022 9.454676290830925 9.412340360911685 9.36867030162401 9.323945241840677 9.278420440775177 -9999.0 -9999.0 -9999.0 -9999.0 -9999.0 -9999.0 -9999.0 -9999.0 -9999.0 -9999.0 -9999.0 -9999.0 -9999.0 -9999.0 -9999.0 -9999.0 -9999.0 -9999.0 -9999.0 -9999.0 -9999.0 -9999.0 -9999.0 -9999.0 -9999.0 -9999.0 -9999.0 -9999.0 -9999.0
