src/main/results/IDWRain.asc
ncols    218
nrows    236
xllcorner    466515.47101027
yllcorner    2626221.2241437
cellsize    90.0
NODATA_value    -9999
[rows 92 to 114 of 236, columns 52 to 103 of 218]
4.698881634723729 4.7766465501628375 4.854988274723213 4.933687267248811 5.012549965191182 5.091406283908618 5.170107168574137 5.248522263955675 5.326537739557517 5.404054287995557 5.48098530110069 5.557255219489383 5.632798045919364 5.707556009671302 5.781478367724874 5.854520328091734 5.92664208094494 5.99780792387743 6.0679854685501695 6.1371449170348455 6.205258397242952 6.272299347921479 6.338241944767048 6.403060560264082 6.466729250900127 6.529221266474071 6.590508577320318 6.650561416460603 6.709347835007549 6.766833270628268 6.822980130584286 6.877747392849468 6.93109023112377 6.982959672253477 7.033302297671847 7.082060003996265 7.129169841830473 7.174563956037274 7.218169655104758 7.259909641458785 7.299702438278517 7.337463050997782 7.373103902505241 7.4065360792113735 7.437670919628552 7.466421966868216 7.492707290551177 7.516452161407457 7.5375920332252075 7.556075752560734 7.571868878637922 7.584956957348857
4.761410073096832 4.837113987781729 4.913548513345619 4.990499185600292 5.067775025177887 5.145206653263767 5.222644354192565 5.299956160958043 5.377026013742864 5.453752022079284 5.530044847024575 5.6058262096527915 5.681027525247532 5.755588658020116 5.829456788331679 5.902585382770788 5.97493325665726 6.046463718333291 6.117143784766535 6.186943458387388 6.255835055619391 6.323792578176615 6.390791118859195 6.456806294262172 6.521813697522801 6.58578836498027 6.648704251433125 6.710533709588273 6.7712469703458655 6.8308116218117725 6.889192086438395 6.946349097539395 7.002239178685377 7.056814132250386 7.110020546724986 7.16179933640908 7.212085331787785 7.260806944268062 7.307885934928024 7.353237323308203 7.396769478705565 7.438384442372092 7.477978533690191 7.515443295759352 7.550666834592578 7.583535599806034 7.613936641749726 7.641760359094475 7.666903721073026 7.689273909876379 7.708792282465902 7.7253985003140695
4.8243954411373196 4.898141563112669 4.972752112625927 5.048019937327615 5.123758856009676 5.1998023170233925 5.276001926697827 5.352225927020027 5.428357679107005 5.504294190979918 5.57994471426852 5.655229424051128 5.730078188401158 5.8044294287617415 5.878229068490326 5.951429564384258 6.023989014382133 6.095870333674515 6.1670404909553636 6.237469796356201 6.307131232623371 6.375999821251423 6.444052015524801 6.511265112718222 6.577616678053273 6.643083973409576 6.707643384262331 6.771269838896574 6.8339362146793246 6.895612727115912 6.95626629865478 7.015859905831981 7.074351905475046 7.131695343444766 7.187837252922133 7.242717953688683 7.296270369331336 7.348419385922478 7.399081283508367 7.448163280595412 7.495563241493537 7.541169606354643 7.584861613211428 7.6265098890720955 7.665977491529365 7.703121481359432 7.737795097880101 7.769850590012199 7.799142724993339 7.825532952385121 7.848894143838914 7.869115761752448
4.8876080863939375 4.959504987725511 5.0323818173048 5.106040411468189 5.180301138324035 5.255002019172743 5.329997668351874 5.405158128543757 5.480367659680619 5.555523523825034 5.630534795666573 5.705321218241212 5.779812115750673 5.8539453695263095 5.92766645886717 6.000927565351542 6.073686736996478 6.145907107091979 6.217556161484482 6.288605047386779 6.359027916341406 6.428801293682742 6.497903466674451 6.566313883407498 6.634012554512337 6.700979449764396 6.767193881759267 6.832633869032694 6.897275471349589 6.961092090453952 7.0240537304500315 7.08612621329206 7.147270346742155 7.207441044790745 7.266586404126637 7.3246467450242125 7.381553631222577 7.437228891233056 7.491583673203994 7.544517577065915 7.595917921062416 7.645659214543114 7.693602924249381 7.739597635920319 7.783479724895665 7.825074655798312 7.864199028991857 7.90066347655874 7.934276479321133 7.964849126043763 7.992200765378204 8.016165412296923
4.950844140711176 5.021002565291974 5.092239882645433 5.164368107955167 5.237215488220761 5.310626007870217 5.384458682120716 5.458586709369127 5.532896538886267 5.60728689693195 5.6816678032743155 5.755959600934331 5.830092014605628 5.904003247382687 5.97763912091347 6.050952260632799 6.123901325111392 6.196450276583727 6.268567688237641 6.340226082731171 6.411401295544875 6.482071856101449 6.5522183790297035 6.621822957475908 6.690868549947652 6.759338351805734 6.8272151422065 6.894480597067566 6.961114558532087 7.027094251513289 7.092393438315208 7.156981503185204 7.22082246013927 7.283873879738964 7.346085733966996 7.407399163274645 7.467745176628413 7.527043304357456 7.585200235173257 7.642108483194689 7.697645148284746 7.7516708532969965 7.80402896425756 7.854545222689155 7.903027940913693 7.9492689278448 7.993045319934657 8.034122484008947 8.07225812967589 8.107207713312835 8.138731129802384 8.166600572555897
5.013923339501575 5.082453676670636 5.152147119584589 5.222826641108249 5.294329326258354 5.366506188485481 5.4392217594539485 5.512353515853964 5.585791195386371 5.659436043520451 5.733200023283985 5.807005012326375 5.880782004781291 5.954470329941526 6.02801689529953 6.101375457940714 6.174505925444108 6.247373685198466 6.319948959251291 6.392206180361081 6.464123383725821 6.535681607837022 6.606864296998488 6.6776566972075635 6.748045236294363 6.81801687843647 6.887558442415417 6.9566558722781355 7.02529344845624 7.093452926952085 7.16111259403222 7.228246224130274 7.294821929561179 7.360800892461514 7.426135972447037 7.490770188251661 7.554635078599624 7.617648957353398 7.679715091201436 7.740719845404255 7.800530864870376 7.858995384246169 7.915938791392019 7.971163602339487 8.024449040114726 8.075551440611761 8.124205730081425 8.170128222971702 8.213020966615039 8.252577801188014 8.288492201876494 8.32046682236935
5.076686785050056 5.143697116493149 5.211941731883833 5.281255002209587 5.351483492994211 5.4224860255125265 5.494133509556108 5.5663086027038755 5.638905242802638 5.71182809225139 5.784991925130749 5.85832098145274 5.931748306913853 6.005215091511688 6.078670016170435 6.152068613020317 6.225372642084361 6.29854948473452 6.371571552285351 6.4444157064033565 6.51706268654107 6.589496538285932 6.661704035285423 6.733674086224797 6.805397117156593 6.876864418290735 6.948067443144229 7.018997046733603 7.089642648308228 7.15999130303732 7.230026666186381 7.2997278328121284 7.369068036097304 7.438013188452318 7.5065202518462115 7.574535428033835 7.641992166093576 7.708808994791846 7.774887201678779 7.84010840048972 7.904332054328774 7.9673930549554 8.029099498455192 8.089230843859408 8.14753669157001 8.20373646827056 8.25752034710295 8.308551755864217 8.356471818491256 8.400906021106653 8.44147327927358 8.477797398878714
5.138994757649807 5.204589386707369 5.271478045590843 5.339506672164083 5.408531690637336 5.4784202608475745 5.549050305894202 5.620310364478833 5.69209930865539 5.764325961713133 5.836908645024483 5.909774677165426 5.982859843609528 6.056107850868797 6.129469775105352 6.2029035119281115 6.27637323125577 6.34984883869786 6.423305442802229 6.496722825663961 6.570084912716519 6.643379235965223 6.716596383418496 6.789729425973585 6.862773311480351 6.935724214109122 7.0085788254704475 7.081333572176737 7.153983742722631 7.226522504748845 7.29893979204219 7.371221039170214 7.443345740687919 7.515285811723905 7.587003727922555 7.6584504258190735 7.729562950581656 7.800261847716451 7.87044831007127 7.940001112768157 8.008773398126582 8.07658941170902 8.143241340406568 8.20848646410112 8.272044902274986 8.333598311634583 8.392789962144159 8.449226673715874 8.502483115756126 8.552108933990706 8.597639049264666 8.638607251587343
5.200724641963311 5.265003021386125 5.330625205774922 5.397448655525857 5.4653398157021105 5.534174505493468 5.60383809868011 5.674225533339248 5.745241185462872 5.816798636954151 5.888820364044442 5.961237367804466 6.033988764291866 6.107021348083061 6.180289139521632 6.253752922977567 6.327379780723707 6.401142624651966 6.475019725917113 6.548994240650449 6.6230537280687525 6.697189655556113 6.771396883561208 6.845673121377699 6.92001834301411 6.994434150371851 7.068923068806832 7.143487757835938 7.218130117270165 7.292850266446359 7.367645371567302 7.442508293583328 7.517426026780264 7.592377896616159 7.667333484866109 7.742250251486536 7.817070826751705 7.891719955414914 7.966101088536794 8.040092640218855 8.113543958140703 8.186271101074714 8.25805257585048 8.32862526221882 8.397680846642007 8.464863191967897 8.529767180968598 8.59193967251453 8.650883275668717 8.706063646251096 8.756920903299212 8.802885511428638
5.261769008603883 5.324824992325956 5.3892658942396565 5.4549604897297215 5.52178523380561 5.589624751332775 5.658372134482622 5.72792907832177 5.798205883478159 5.869121352059385 5.940602599813751 6.012584804182326 6.085010904575775 6.157831268041475 6.231003330529969 6.304491221250736 6.378265375122096 6.452302136045113 6.526583351628753 6.601095958017407 6.675831551570512 6.750785942262843 6.825958681757948 6.901352557100092 6.9769730388185485 7.052827669890551 7.128925379421078 7.205275702032624 7.281887880796583 7.358769828084562 7.4359269150155445 7.513360556324066 7.591066553660044 7.669033156858973 7.747238800069977 7.825649468511886 7.904215653074872 7.982868855439606 8.061517617804817 8.140043071264753 8.21829402858716 8.296081694447084 8.373174133269126 8.449290725690403 8.524096961905382 8.597200063232844 8.668146085688328 8.736419325256797 8.801444984841563 8.862596132565768 8.919205920342366 8.970585773460511
5.322033871028527 5.383955225916124 5.447295104741312 5.511933268588288 5.577756035531624 5.644656839865162 5.712536616611121 5.781304035840568 5.850875610525154 5.9211757000004335 5.992136428951618 6.063697539368596 6.135806190333745 6.208416717925132 6.281490365016541 6.354994988375168 6.428904748210947 6.503199783209989 6.577865872064461 6.652894080556926 6.728280391324496 6.804025311466843 6.8801334511167465 6.956613063903485 7.033475537846025 7.110734822551034 7.188406775597178 7.266508407601647 7.345057001636289 7.424069078353903 7.503559173394563 7.583538388409882 7.664012671488726 7.744980777126981 7.826431850567042 7.908342577003404 7.990673833833269 8.073366785346074 8.156338366180437 8.23947611557519 8.32263235299215 8.405617732352576 8.488194283293266 8.570068150622141 8.65088238432055 8.730210316370808 8.807550285769807 8.882322726361323 8.953870882316949 9.021466606492895 9.084322741324806 9.141613369906647
5.3814371238819545 5.442305247586802 5.504618998807407 5.568268707022109 5.6331503018433065 5.699165916105048 5.766224332892409 5.834241295609974 5.90313970020726 5.972849687887232 6.043308655261171 6.114461197178243 6.186258995508024 6.258660665104404 6.331631566109385 6.405143589713314 6.479174922497294 6.55370979254543 6.628738198615527 6.704255621768626 6.780262716942531 6.856764979964648 6.933772383379575 7.01129897215413 7.0893624077468065 7.16798344611337 7.247185331882635 7.326993087089795 7.407432668410965 7.488529961719735 7.570309576916959 7.6527933993344135 7.735998846604378 7.819936771843494 7.9046089456014474 7.990005040802333 8.076099037761281 8.16284496174347 8.250171865685338 8.337977978946935 8.426123964091783 8.514425264316367 8.60264359303975 8.690477725247984 8.777553909935875 8.863416446505052 8.947519262973605 9.029219696466974 9.107776080209046 9.182351122673968 9.252023309304596 9.31580849508915
5.439907159544903 5.499796959933724 5.5611538550472766 5.623878264385235 5.6878753988869395 5.753055888348573 5.81933627117626 5.886639361052326 5.954894505675705 6.0240377525652775 6.094011936174716 6.164766699422241 6.2362584613225245 6.308450340824782 6.381312045286506 6.454819730296078 6.528955835827267 6.603708901972695 6.679073365753907 6.755049338720954 6.83164236320054 6.90886314308368 6.98672724290574 7.065254746597256 7.144469864595442 7.224400474914086 7.3050775801719645 7.386534658362021 7.468806880179115 7.551930159877949 7.635939999766517 7.720870080425961 7.806750539485918 7.893605871242554 7.981452367671763 8.07029500876028 8.160123697193708 8.250908720490344 8.342595314677961 8.43509720085378 8.52828897452818 8.621997255125553 8.715990560313916 8.80996797193095 8.903546826489986 8.996249916325993 9.087493050054585 9.17657430771199 9.262666928033031 9.344818426943 9.421959133372988 9.492923600531478
5.497381653649301 5.5563615535161714 5.616825117322193 5.678682336326885 5.741847315078517 5.806238908266791 5.871781237465051 5.938404098651559 6.006043272341117 6.074640748421877 6.144144877519542 6.21451046003156 6.285698782998074 6.357677613793944 6.430421158305238 6.503909989841983 6.578130953565001 6.653077049680293 6.728747297075621 6.805146577423439 6.8822854580212445 6.960179989742286 7.038851474370091 7.118326193220991 7.198635086235084 7.279813367537781 7.361900059721277 7.44493742462731 7.52897026306484 7.6140450494797225 7.700208859894836 7.787508042225958 7.875986567110968 7.965683984443915 8.056632895716627 8.148855835009817 8.24236143227337 8.337139712085488 8.433156360857126 8.530345778195997 8.628602718600947 8.727772335587744 8.8276384739395 8.927910135363465 9.028206194701463 9.12803870335181 9.226795527041507 9.323723671341396 9.417915479837035 9.50830092731229 9.593650350456642 9.672592863064553
5.55380650679184 5.611938544602202 5.671566541769599 5.7326095195511595 5.794990047917414 5.8586348806997535 5.923475486988445 5.989448486715145 6.056495999501548 6.124565916411758 6.193612104314058 6.2635945522374605 6.334479468488617 6.40623933645006 6.478852935970528 6.552305336125158 6.626587863895635 6.7016980520100145 6.777639567788464 6.854422123349231 6.9320613659121015 7.0105787451528725 7.090001352557821 7.170361725431024 7.251697605531962 7.33405163915703 7.417471001692936 7.502006925099442 7.587714101225415 7.674649927086796 7.762873549952177 7.852444659954091 7.943421965583565 8.035861272397664 8.12981306711809 8.225319487590568 8.322410533494853 8.421099343216028 8.5213763294645 8.623201931696975 8.726497710663372 8.831135486165522 8.936924215146725 9.04359434323169 9.15077947017563 9.257995395813461 9.364617025277145 9.46985429704348 9.57272934864393 9.672058617147618 9.766445440868162 9.854290697063572
5.609134927881575 5.666474931184858 5.725319438985628 5.785595949766709 5.847235043813477 5.910171008499253 5.974342374798469 6.03969237063247 6.1061692978975755 6.173726840764321 6.242324313144753 6.3119268531753 6.382505572225778 6.454037665380854 6.526506489598703 6.599901614870017 6.674218852704433 6.749460265173122 6.825634156536263 6.902755048170422 6.980843636058566 7.059926728477025 7.140037159656163 7.2212136730358285 7.303500765193552 7.386948478480193 7.4716121267119835 7.5575519337615 7.644832559339551 7.733522479386412 7.823693179946893 7.915418112759063 8.008771347512859 8.103825839191359 8.200651208334051 8.299310906583862 8.39985860854903 8.502333632900303 8.606755150036847 8.713114880528998 8.82136792919819 8.931421338128251 9.043119887041762 9.156228638823556 9.270411753339229 9.385207228576398 9.499997562696414 9.613976997005924 9.726117180457406 9.835135000813255 9.939469109225206 10.037275219055505
5.663326643950579 5.719924456934304 5.778032005267332 5.837584710254717 5.89852069113169 5.960781374660819 6.024312029472019 6.089062228945844 6.154986247706429 6.222043397632731 6.290198309766005 6.359421168641386 6.429687905455164 6.500980356144675 6.573286389945417 6.646600013332041 6.720921453468583 6.796257224400373 6.8726201782172485 6.950029542294925 7.028510942457487 7.108096410464459 7.188824372562201 7.270739613885388 7.353893211163838 7.438342423370954 7.524150526498645 7.611386574375257 7.700125062120826 7.7904454621541985 7.882431594239284 7.976170780382519 8.071752721830187 8.169268018145196 8.268806226332956 8.37045332993885 8.474288452361733 8.580379603419003 8.688778191310183 8.799511961358546 8.91257593649984 9.027920832131759 9.145438302827026 9.264942261037167 9.386145412909402 9.508630134240242 9.631812955813999 9.754902410150727 9.876851086345717 9.996304853124101 10.111555846521824 10.220511374866781
5.71634722143864 5.77224697201111 5.8296587353781 5.888525306564337 5.948791864453478 6.010406561659142 6.073321051190213 6.137490952337013 6.202876259441659 6.269441698103231 6.337157033939246 6.405997339317038 6.475943223521402 6.546981031675475 6.619103017412833 6.692307493837309 6.766598966721794 6.841988253200022 6.918492588397795 6.996135721525558 7.074948001894269 7.154966454092128 7.2362348401271595 7.318803704640295 7.402730397245794 7.488079063554683 7.574920593344947 7.663332510478492 7.753398784293901 7.845209536015862 7.938860605810474 8.034452935944321 8.132091712366462 8.231885189990251 8.333943104767991 8.438374546692192 8.545285129975486 8.654773247062646 8.766925128229998 8.88180834385976 8.999463276716776 9.11989195091428 9.243043427649566 9.368794763659864 9.496926284774897 9.62708968408327 9.758767288263515 9.891220912217264 10.02342936905166 10.15401551460908 10.281167651989156 10.402567518486519
5.768167484644828 5.823407879562946 5.880159908570436 5.938373201651648 5.997999516550326 6.058993306223476 6.121312233725207 6.184917635920624 6.249774938605226 6.315854026497263 6.383129572198253 6.4515813286062205 6.521194389445604 6.591959422575519 6.663872880579996 6.736937192852265 6.811160942976366 6.886559034694184 6.963152849127533 7.04097039519839 7.120046454342482 7.200422719617661 7.2821479281330745 7.365277984316466 7.44987606982553 7.536012733801233 7.623765954532027 7.713221160282206 7.804471192814955 7.897616191717383 7.992763370616611 8.090026647232833 8.189526077229521 8.291387026017404 8.39573899171627 8.502713964554093 8.612444170582888 8.725058997275966 8.840680830624096 8.95941944133324 9.081364432965318 9.206575095902972 9.335066783333527 9.466792621999987 9.601618974583397 9.739292574374161 9.879396678097427 10.021293027810556 10.164046151848304 10.306327210171515 10.446297542459465 10.581479787689764
5.818763018016862 5.873377657051457 5.929501139380514 5.987089405133403 6.046100313614278 6.106494186641678 6.168234308616367 6.231287383965562 6.295623953707814 6.3612187737515224 6.428051158192146 6.49610529132471 6.565370512359612 6.635841576941845 6.707518899547287 6.780408780682648 6.854523622562317 6.9298821365860075 7.006509545499823 7.084437782588525 7.163705689609202 7.244359214418145 7.326451608335964 7.410043622199522 7.495203698706792 7.582008156994475 7.670541363293614 7.76089587884399 7.853172572823392 7.947480683604247 8.043937805835668 8.14266977318157 8.243810396359354 8.347501002495111 8.453889703447006 8.563130295828202 8.675380661401757 8.790800489637748 8.909548079229166 9.031775884636058 9.15762434625517 9.287213362697486 9.420630508084749 9.557914733987667 9.699033780393828 9.84385279603223 9.992090672446068 10.143259286773647 10.296579287938837 10.450864633154858 10.604368001622163 10.75458360423848
5.8681137400834515 5.922131442155174 5.97765298484651 6.034640110088967 6.093056308766202 6.152867338959536 6.214041708976707 6.2765511252739286 6.340370906388469 6.405480364826727 6.471863159505256 6.539507621828859 6.608407058824852 6.678560036951166 6.749970650274225 6.822648776685536 6.8966103257059315 6.971877481223546 7.048478942231128 7.1264501642712395 7.205833603859846 7.286678967628131 7.369043467280046 7.452992080679577 7.538597818415247 7.625941993981012 7.7151144941824255 7.806214044414183 7.8993484609092945 7.994634878724073 8.092199939810575 8.192179919641124 8.294720762930268 8.399977988259012 8.508116406719495 8.619309579445599 8.733738910721264 8.851592233805818 8.973061690555818 9.098340625671307 9.227619100323412 9.361077460271737 9.498877143015386 9.641147534713646 9.787967124922266 9.939336354413305 10.095138255452012 10.25508102431207 10.41861375985671 10.584802502452714 10.752148606574407 10.918327308910918
5.916203538030239 5.969648673758404 6.024590600183197 6.080996370901397 6.13883464866502 6.198076198057013 6.258694349863545 6.320665436877465 6.383969201782555 6.448589178543749 6.514513049364258 6.581732979771399 6.650245934768142 6.720053979248014 6.7911645660298285 6.863590814937654 6.937351786342092 7.01247275250035 7.0889854698918295 7.166928455546299 7.246347270103002 7.3272948100160775 7.409831610923803 7.494026163708124 7.57995524416026 7.667704256398476 7.757367589201121 7.849048983145606 7.9428619047763505 8.03892992181472 8.137387070465646 8.238378201878504 8.342059289371154 8.448597670533822 8.558172187935197 8.670973177599292 8.7872022338437 8.907071649669096 9.030803389410355 9.158627388237976 9.290778881065673 9.427494325161092 9.569005269940522 9.715529200871364 9.86725587015369 10.02432680322004 10.186804328744794 10.354624261586451 10.527522656027818 10.70492081037565 10.885742364450135 11.068120079222856
5.96301995311487 6.015912779387913 6.07029343548378 6.126133815896059 6.183407308086897 6.2420892594608475 6.302157421909721 6.36359237340826 6.4263779169641495 6.490501457942656 6.555954361393091 6.622732291502908 6.690835535701395 6.760269316236478 6.831044092264858 6.903175855637777 6.976686423642015 7.05160373197741 7.12796213122582 7.205802689997746 7.285173507835047 7.366130040801412 7.448735442503512 7.533060923047023 7.619186128129767 7.707199540088562 7.7971989022165245 7.889291667010406 7.98359546813106 8.080238614677338 8.179360604760001 8.281112653140466 8.385658224613135 8.49317356048843 8.603848179428828 8.717885325189911 8.835502321297405 8.95693077447891 9.082416541865225 9.21221933701021 9.346611789319681 9.485877678545613 9.630308920594757 9.78020064889781 9.935843357345384 10.097510439360189 10.265438375907866 10.439794919320663 10.620627160160991 10.807774888513364 11.000722177749763 11.198335497090774
