src/main/results/IDWRain.asc
ncols    218
nrows    236
xllcorner    466515.47101027
yllcorner    2626221.2241437
cellsize    90.0
NODATA_value    -9999
[rows 115 to 137 of 236, columns 52 to 103 of 218]
6.00855390827196 6.060910901345124 6.114744966653934 6.1700323889458275 6.226750847567554 6.2848798578312834 6.344401194887354 6.405299299415737 6.467561665183636 6.5311792091712455 6.596146625537077 6.662462725177756 6.730130763038127 6.799158755651248 6.869559791641866 6.941352338119698 7.014560546028837 7.089214557615563 7.16535081923687 7.243012402762783 7.3222493388333465 7.403118965219766 7.485686293511458 7.5700243973064705 7.656214825019785 7.744348040336024 7.8345238932100205 7.92685212414352 8.021452904214428 8.118457412969288 8.218008455756092 8.320261121293868 8.425383479131185 8.533557314965323 8.644978899319355 8.759859781416356 8.878427594652045 9.00092685192478 9.127619696777462 9.258786557503393 9.3947266222493 9.535758007341736 9.68221741768022 9.834458977990142 9.992851712552605 10.15777480450158 10.329609149825963 10.50872258632141 10.695443999061622 10.89001712046637 11.092515537869154 11.302679432314964
6.052799470351024 6.10463365466536 6.157932454467308 6.212676114715837 6.268846189550925 6.326425958288884 6.385400828016797 6.445758721990764 6.507490453693743 6.5705900869998946 6.635055283418021 6.700887637844938 6.7680930046516785 6.836681816254855 6.90666939659792 6.978076272188955 7.050928483520501 7.125257899840679 7.201102540360873 7.278506905081404 7.357522318499575 7.4382072895409745 7.520627891130534 7.6048581628997685 7.690980540614941 7.779086316011167 7.869276130831544 7.961660508999639 8.056360430996559 8.153507954667331 8.253246886837744 8.35573351026945 8.461137370596152 8.569642127932513 8.681446477773795 8.796765145519773 8.915829958319142 9.038890996713102 9.16621782638994 9.298100806639368 9.434852465802688 9.57680892342457 9.72433132091407 9.877807191926788 10.037651650447504 10.204308179698277 10.378248630793609 10.559971708008284 10.7499985553466 10.948862664499876 11.157088185963186 11.375143065969482
6.095753640447048 6.147074910893049 6.199846726333698 6.25405288277959 6.309678408922479 6.366709957083159 6.4251361840980366 6.484948121281278 6.546139533170864 6.608707265294651 6.672651581670069 6.737976493176057 6.804690078307538 6.87280479814346 6.942337807632815 7.01331126553421 7.085752645539314 7.159695051275451 7.2351775380244145 7.31224544412008 7.390950735103461 7.471352363826931 7.553516649816094 7.637517681324369 7.723437743658113 7.8113677775151515 7.901407871273465 7.993667791395913 8.088267555388637 8.18533805207271 8.285021714309723 8.38747324977172 8.49286043587621 8.601364985630546 8.71318349186246 8.828528458173395 8.947629425959358 9.07073420802639 9.19811024071403 9.330046068066336 9.466852973498767 9.608866776650892 9.756449815750722 9.909993138918296 10.06991893149166 10.236683210772263 10.410778824685503 10.592738796889796 10.783140068030601 10.982607691353362 11.191819551041903 11.411511683783234
6.137416166718586 6.188231602477388 6.240481976067322 6.29415424642297 6.349236534292755 6.405718488513497 6.463591644894899 6.522849776806794 6.583489237058755 6.645509291126763 6.708912442208224 6.773704748971852 6.839896137210742 6.907500706906461 6.976537036471019 7.047028486155696 7.119003502804833 7.19249592829391 7.267545314129283 7.3441972448070505 7.422503672635808 7.502523266827085 7.584321779752647 7.667972433363465 7.753556328864303 7.841162882843403 7.9308902931699805 8.022846038093798 8.117147412109562 8.213922102280039 8.31330880883816 8.415457913996226 8.520532202957854 8.628707641119723 8.740174211309823 8.855136814547711 8.97381623708969 9.096450185212747 9.223294386931942 9.354623756040839 9.490733607520566 9.63194090279089 9.778585485537013 9.931031238684046 10.08966704082105 10.254907307513669 10.427191732763383 10.606983521981462 10.794764762637312 10.991026220836236 11.19624579771408 11.410842427301148
6.17778937494077 6.2281035433570775 6.279835577616931 6.332975232541726 6.38751335691058 6.443442235466492 6.500755925614202 6.5594505878708365 6.619524809557372 6.680979921622584 6.743820308865265 6.8080537141607405 6.873691537602185 6.940749131734818 7.009246094292546 7.079206560043549 7.150659493515793 7.2236389845082005 7.298184548400713 7.374341433359291 7.45216093659187 7.5317007318495985 7.6130252103841505 7.696205837565085 7.7813215273269964 7.868459036548061 7.9577133813482765 8.04918827712108 8.142996603851035 8.239260897887386 8.33811387078564 8.439698955020589 8.544170875201653 8.651696241719419 8.762454161272853 8.876636855096995 8.994450270361092 9.1161146622551 9.241865112340626 9.371951930589518 9.506640860544135 9.646212963163535 9.79096398485036 9.941202900800466 10.097249133557774 10.259427617706418 10.42806029759206 10.603451569789087 10.785863119270584 10.975469449770323 11.172276605194043 11.375966725180165
6.216878012811636 6.266693262009929 6.317907909360121 6.37051415961465 6.424505244605401 6.479875741408547 6.536621886766893 6.594741886803505 6.654236221422 6.715107943132983 6.777362970366637 6.841010375623611 6.90606266907715 6.972536078466712 7.040450826316416 7.109831405669822 7.180706855656387 7.253111038293779 7.327082917984605 7.402666845184184 7.479912845696219 7.558876916991138 7.6396213328314175 7.722214957319309 7.80673356924102 7.893260197246697 7.981885465948496 8.072707952398282 8.165834551564075 8.261380848278336 8.359471491565431 8.460240565104408 8.563831944608184 8.670399628755316 8.780108024487513 8.893132159230968 9.009657780777598 9.129881288443528 9.25400941402701 9.382258533799465 9.51485343652383 9.652025286266689 9.794008384147801 9.941035118761018 10.093328145959859 10.251088256706552 10.414475395572648 10.583578538793638 10.758366959395747 10.93860945484938 11.12373664396187 11.312598829033405
6.254689104722842 6.304005843890636 6.354702186163443 6.406772461286784 6.460211958668356 6.515017222149817 6.5711863421545935 6.628719244217367 6.6876179732016245 6.747886972798444 6.809533360166601 6.872567195815918 6.937001749048677 7.002853759454585 7.070143695101049 7.1388960081696045 7.209139388859661 7.280907018408929 7.35423682206302 7.429171722759328 7.505759896165744 7.584055027522745 7.664116570464479 7.746010007620717 7.8298071123009185 7.9155862098969365 8.003432436761884 8.093437993159732 8.185702385337327 8.280332649714227 8.377443549429737 8.477157729768287 8.579605813931234 8.684926413701447 8.79326601998354 8.904778724866727 9.019625708073791 9.13797439391867 9.259997146383004 9.385869313764498 9.515766351364901 9.64985962629653 9.788310319187373 9.931260544827799 10.078820353473404 10.231048538167078 10.387923975542513 10.549302248477039 10.714848990275156 10.88393583710093 11.0554756807173 11.2276594908855
6.291231814323716 6.34004878076687 6.390224296962424 6.441754513615336 6.494636472069353 6.548868376159355 6.604449862174835 6.6613822659084985 6.719668886007915 6.779315243080437 6.84032933421566 6.902721882780263 6.9665065835026505 7.031700342994666 7.098323515951291 7.166400137322146 7.235958150756552 7.30702963358124 7.379651018469579 7.453863311794638 7.529712308413194 7.6072488022878035 7.686528791897922 7.767613678789104 7.850570456822649 7.935471888663594 8.022396664710884 8.111429537933128 8.202661425793654 8.296189467448253 8.392117020427563 8.490553575724883 8.591614563112186 8.695421008913026 8.80209899539031 8.911778852948053 9.024593991451912 9.140679242138873 9.260168532363858 9.383191645161544 9.509869714223598 9.640308957055126 9.774591931177278 9.912765273788162 10.054822397762994 10.200678879272234 10.350137153397219 10.502835445499278 10.658173368210692 10.815203103358167 10.972470753316596 11.127789003511566
6.326517312754916 6.374831824990458 6.424482646118112 6.475467464508775 6.527784787862989 6.581434192649617 6.6364165720669295 6.692734381463538 6.750391880348424 6.809395370299663 6.869753428244483 6.931477134723098 6.994580296859871 7.059079665842623 7.1249951487489085 7.192350014550746 7.261171094070295 7.331488973539834 7.403338181230215 7.476757366339812 7.551789468963939 7.628481879470806 7.706886584965638 7.7870602996909035 7.869064575137709 7.952965884263334 8.038835672433656 8.126750365416047 8.21679132177674 8.309044713167966 8.403601310926081 8.50055615073516 8.600008038278581 8.70205884702473 8.806812543482291 8.914373853884229 9.024846457148403 9.138330549026573 9.254919567166901 9.374695790009591 9.497724414831143 9.624045568626766 9.753663490948682 9.886531823636465 10.022533512212918 10.161453221203526 10.302939340348953 10.446451580245439 10.591188885286991 10.735991265594 10.879209214123476 11.018538294969893
6.36055865090894 6.408366847207885 6.4574879972574895 6.5079210643224785 6.559665757052201 6.612722757051353 6.667093945115691 6.722782625029271 6.779793743963414 6.838134108649667 6.897812596613358 6.9588403618448655 7.021231034346351 7.085000913016372 7.150169151316703 7.216757935097596 7.284792651830843 7.354302050304019 7.425318389551167 7.4978775754186575 7.572019282669125 7.647787059884405 7.725228413605176 7.804394867095466 7.885341987784605 7.968129375739981 8.052820603358397 8.13948309369653 8.22818792131202 8.319009514916399 8.412025235228247 8.507314793727756 8.604959467968621 8.705041055907742 8.807640494288272 8.912836042982207 9.02070090634475 9.13130012128631 9.244686486145223 9.360895229403399 9.479937015928316 9.601788751701507 9.726381464546662 9.853584295107089 9.983183316965857 10.114853513090464 10.248121788989053 10.382318487065119 10.516514714162376 10.649443442217066 10.779404901369448 10.904163294277515
6.393370634493582 6.440667696424612 6.489253318703312 6.539127496959003 6.590290895550157 6.642745053860229 6.696492591183421 6.75153740905275 6.807884889962629 6.865542091525688 6.924517935172357 6.9848233885456565 7.0464716407561205 7.109478269635775 7.173861400058096 7.239641852264201 7.306843278943765 7.37549228955023 7.44561855996843 7.517254925179904 7.590437451962925 7.665205487890182 7.74160168190807 7.819671970547554 7.899465522262883 7.981034630437428 8.064434543126834 8.14972321448726 8.236960958875782 8.326209983569305 8.4175337696098 8.510996262029096 8.606660820084652 8.704588864421595 8.804838140306751 8.907460492997284 9.012499021261533 9.11998443593032 9.229930399411538 9.342327556003495 9.457135877678878 9.574274841662593 9.693610821283846 9.814940910111185 9.937972219354073 10.06229551633191 10.187351971475218 10.312391889167026 10.436424879928637 10.55816246615685 10.67595737178471 10.787749761368739
6.424969701035364 6.4717500616928 6.51979362994511 6.569101211156212 6.619674200204352 6.671514767149481 6.724626041244806 6.7790122920991545 6.834679106857387 6.891633562312954 6.9498843908940025 7.009442139465338 7.070319319856385 7.132530549952587 7.196092684065773 7.261024931118784 7.327348958929042 7.395088982541772 7.4642718341290415 7.534927011415246 7.607086700887317 7.680785771166143 7.756061730813686 7.8329546434760005 7.911506991549553 7.991763477423055 8.073770748681358 8.157577030324633 8.243231642878424 8.330784380022468 8.42028471275884 8.511780778802525 8.605318105337329 8.70093799993692 8.798675527550122 8.898556970053617 9.0005966378466 9.104792868968005 9.211123008794095 9.319537111109534 9.429950038288219 9.542231564832564 9.65619400791208 9.771576830103413 9.888027603916994 10.005078736054921 10.12211949795803 10.238363330675359 10.352811300815382 10.464214292998435 10.5710394125601 10.67145042170788
6.455373798267013 6.501631334994946 6.5491258488983135 6.597858751931835 6.647831964121018 6.699048079305196 6.751510528850808 6.805223742096626 6.8601933023181765 6.916426097009525 6.973930461270546 7.032716313050251 7.092795278924774 7.154180808974141 7.216888279156368 7.280935079350371 7.346340684938669 7.41312670941252 7.481316934988454 7.550937317604934 7.622015961894469 7.694583060767511 7.768670793058803 7.844313171224044 7.921545829270547 8.000405738880932 8.08093083894325 8.16315956030984 8.247130223413771 8.332880281181847 8.420445373254466 8.5098581495585 8.601146811417006 8.69433330618586 8.789431096376312 8.886442405789014 8.985354822762552 9.0861371137085 9.188734068386848 9.293060162162972 9.398991781231551 9.506357718129138 9.614927614315464 9.724398018388932 9.834375767777773 9.944358530827236 10.053712632471537 10.161648830414853 10.267197644832123 10.369187323869607 10.466229649886763 10.556721451989413
6.484602263600307 6.530330475149126 6.577268639944553 6.62541859238905 6.674782591751935 6.725363468751582 6.777164769644335 6.830190896539623 6.884447242656101 6.939940321212989 6.9966778866083885 7.054669046465417 7.113924363020711 7.174455942180032 7.236277508363503 7.299404462998043 7.363853924174414 7.429644744556818 7.496797504096451 7.565334473436022 7.635279543074193 7.706658112355887 7.7794969311280715 7.853823885403692 7.929667716551194 8.007057661302474 8.086022997161656 8.166592474495053 8.24879361256162 8.332651831850034 8.418189389142132 8.505424074513 8.594367620769187 8.685023765364653 8.777385892370607 8.871434167407573 8.967132061498802 9.064422140756843 9.163220978345533 9.263413024814918 9.36484325571356 9.467308406792801 9.570546616422673 9.674225337185137 9.777927477639995 9.881135926089984 9.983216939652682 10.083403415513157 10.180779860875532 10.274271982003022 10.362645173607504 10.444517575438628
6.5126757045969885 6.557867872768856 6.604242262945575 6.651800966276464 6.700546414381092 6.750481507593214 6.801609740192262 6.8539353213047916 6.907463290127749 6.962199624078209 7.018151338404367 7.075326575693925 7.133734683581501 7.193386278778511 7.254293295318401 7.316469014616701 7.3799280745773945 7.444686454520639 7.510761432144986 7.578171508050641 7.646936292514534 7.7170763481952545 7.788612981221116 7.861567971637214 7.935963232407528 8.011820384027205 8.0891602292287 8.168002109181762 8.24836311889759 8.330257155145954 8.413693764965082 8.49867675666871 8.585202528021519 8.673258057881162 8.762818498075301 8.853844291704094 8.946277732763262 9.04003887067621 9.135020653322544 9.231083195735266 9.328047062570112 9.425685466689567 9.523715322863394 9.621787168069599 9.719474086982954 9.81625998767737 9.91152788770247 10.004549323251009 10.094476599436682 10.180340335051566 10.261055520506575 10.335439876211773
6.53961588051998 6.584265216474741 6.630068423579024 6.6770277018395285 6.725145506777195 6.774424660211549 6.824868457487677 6.876480769798086 6.92926614019983 6.983229871858237 7.0383781069565305 7.094717894589979 7.1522572458069895 7.211005173760407 7.2709717166817835 7.33216794107976 7.3946059221798635 7.458298698154081 7.523260194119084 7.5895051111943985 7.657048775085103 7.725906937662968 7.796095523836697 7.867630314592124 7.940526555407917 8.014798477266595 8.090458715134357 8.167517606020617 8.245982345490829 8.325855977735593 8.407136189943461 8.489813876749647 8.573871434938876 8.659280742430731 8.74600076904018 8.833974759925487 8.923126926622555 9.013358576143172 9.104543607427042 9.196523309022027 9.289100406029515 9.382032333614962 9.475023766478921 9.567718518945087 9.659691061698817 9.75043809334308 9.839370871372008 9.925809354316321 10.008979623144157 10.088016489343426 10.161973557868508 10.229843120898071
6.5654455851785505 6.609545360680472 6.654770125459596 6.701122057602394 6.748603505862885 6.797217083917184 6.8469657605155305 6.897852944162455 6.949882560886946 7.003059123578182 7.057387791253545 7.112874416488662 7.169525579067771 7.227348603699982 7.286351559385194 7.34654323769351 7.407933106834128 7.470531237922163 7.534348199291549 7.599394914033713 7.665682475147732 7.733221911748166 7.802023898668997 7.872098400500782 7.943454239575222 8.016098575636804 8.090036282884222 8.165269207695044 8.241795287640517 8.31960750933887 8.398692679289303 8.479029978112399 8.560589264686339 8.64332909268564 8.72719439830051 8.81211381492934 8.897996569158234 8.984728913525863 9.072170057119797 9.160147567396656 9.248452239148307 9.336832463793318 9.42498818998581 9.512564651908338 9.59914616213659 9.684250428294511 9.767324059636692 9.847740175046725 9.924799285158615 9.997734850109234 10.065725028421115 10.127912013914166
6.590188531378594 6.633732195365538 6.678371524587899 6.724108560783018 6.77094543229656 6.8188844327813065 6.867928095269477 6.918079260237314 6.96934113619923 7.021717351269791 7.075211994011218 7.129829641736285 7.185575374256274 7.242454770844396 7.300473887920083 7.359639214640866 7.41995760320752 7.481436170235022 7.54408216500549 7.607902799787622 7.67290503666643 7.739095324462358 7.806479278314303 7.875061293339476 7.944844082447895 8.015828126864616 8.088011026186182 8.161386732862848 8.23594465385925 8.311668599925778 8.388535560460692 8.466514279451207 8.545563605605109 8.625630587768388 8.706648285444402 8.788533264243316 8.871182748202447 8.954471406267368 9.038247760378406 9.1223302196694 9.206502771976865 9.290510403545664 9.37405437440584 9.456787554449544 9.538310127161886 9.618166095481502 9.695841173973772 9.770762811798313 9.84230323769314 9.90978651052363 9.972500537720924 10.029714816662857
6.6138692373562655 6.656850518305393 6.70089778671534 6.7460128490742015 6.792197515872109 6.839453665754329 6.887783304562291 6.937188617880119 6.987672015613707 7.039236167022148 7.091884024493532 7.145618834203966 7.200444131615367 7.256363719548505 7.3133816263070255 7.37150204101925 7.4307292230000055 7.491067381507082 7.552520521767194 7.615092252565834 7.678785550024179 7.743602471414632 7.809543811985048 7.876608696761412 7.944794098173361 8.014094269093624 8.084500079504707 8.1559982435174 8.228570421894473 8.302192183629877 8.37683180858187 8.452448911786885 8.528992869082707 8.606401023326761 8.68459665120943 8.763486672993562 8.84295909222395 8.922880160564365 9.00309127575764 9.083405639927072 9.163604733035656 9.243434694528275 9.322602757247623 9.400773943436654 9.4775683135645 9.552559152882289 9.62527258181247 9.695189171870904 9.76174821765967 9.824355326742019 9.882393903922818 9.935240883536588
6.636512915613897 6.678925910260716 6.722374948230798 6.766861516523237 6.812387025620467 6.8589528601321135 6.906560423893197 6.955211178143969 7.004906671322639 7.055648558890784 7.107438611480544 7.160278709499005 7.214170822143999 7.269116968572609 7.325119158713729 7.382179310924089 7.440299143347305 7.499480035442366 7.559722855694906 7.621027751006169 7.68339389266465 7.7468191731391745 7.811299847186056 7.876830109935661 7.943401603717687 8.011002844408154 8.079618557050722 8.14922890944991 8.21980863139967 8.291326006268388 8.363741720914234 8.437007559501719 8.51106492694065 8.585843188660448 8.661257815655972 8.737208327711592 8.813576034098327 8.890221580688804 8.966982326378176 9.043669591138318 9.120065844278585 9.195921935816555 9.270954517255628 9.344843850764438 9.417232266599093 9.487723594141682 9.555883955278905 9.621244358627875 9.683305552716401 9.741545564168034 9.795430239270486 9.84442690287463
6.658145364594954 6.6999846136345145 6.742829781167744 6.786681964217899 6.831542105449495 6.877411031355762 6.924289484528794 6.972178148660191 7.021077664821839 7.0709886374641595 7.121911628439554 7.173847137208524 7.226795565211796 7.280757162189717 7.335731951996685 7.391719635189249 7.448719465357934 7.5067300958208385 7.565749392897997 7.625774211536356 7.6868001285538465 7.7488211282167105 7.811829234258768 7.875814081799589 7.940762421930534 8.00665755103026 8.073478656170856 8.141200067322151 8.20979040651242 8.279211623740476 8.349417909369953 8.42035447312617 8.491956180865586 8.564146042270078 8.636833545884222 8.709912842908091 8.783260788427707 8.856734858961829 8.930170979068041 9.003381308069994 9.076152061486148 9.14824147100559 9.219378021971714 9.289259147597896 9.357550602558671 9.423886781308601 9.487872282136264 9.549085037311137 9.60708132060394 9.661402891902606 9.711586430915727 9.757175238674307
6.67879286363336 6.720053415092974 6.762289662903068 6.805502256440507 6.849691616090305 6.894857960035468 6.941001324826418 6.9881215784088075 7.036218424191057 7.085291394622841 7.135339832630476 7.186362859112115 7.2383593245321105 7.291327742466962 7.345266202742404 7.400172261559473 7.45604280573452 7.5128738878720736 7.570660528948708 7.629396484410201 7.6890739694743395 7.749683338890829 7.811212715943624 7.873647565000097 7.936970201430817 8.001159232266847 8.066188920561036 8.132028466122293 8.19864119516043 8.265983651499722 8.33400458250515 8.402643813865208 8.471831009079954 8.541484312153976 8.611508875889342 8.681795283672555 8.752217880170207 8.822633036355702 8.8928773872664 8.962766097281246 9.03209122782703 9.10062030630717 9.168095222264093 9.234231606155035 9.298718875395641 9.361221157862165 9.421379319536156 9.478814323413278 9.533132122830644 9.583930235327518 9.630806045913154 9.673366748278616
6.698482071595097 6.739159532617028 6.780782451074851 6.823350982889505 6.866864984033507 6.911324026977541 6.9567274106858035 7.003074162879692 7.0503630331949685 7.098592475752335 7.147760619543074 7.197865224898412 7.2489036241614295 7.300872644511529 7.353768510702404 7.407586725263224 7.462321923478422 7.517967700203915 7.574516405296871 7.6319589041344535 7.6902842993777085 7.74947960980609 7.809529401715145 7.870415368048601 7.932115850145493 7.994605296750464 8.057853654797054 8.121825686478969 8.186480207337157 8.25176924059501 8.317637083876903 8.384019285881664 8.450841532719595 8.518018446661172 8.585452304226822 8.65303168614297 8.72063007899644 8.788104457739546 8.855293889802315 8.92201821563986 8.988076877094517 9.053247983706976 9.117287727350574 9.179930275948196 9.240888295408164 9.299854262159968 9.356502732629888 9.410493725631305 9.461477343492428 9.509099702806285 9.553010162793338 9.592869728806697
