src/main/results/Slope.asc
ncols    218
nrows    236
xllcorner    466515.47101027
yllcorner    2626221.2241437
cellsize    90.0
NODATA_value    -9999
[rows 115 to 137 of 236, columns 104 to 155 of 218]
11.671751367544037 11.566286235124656 14.469885032185312 11.201222378652691 9.083188390281315 1.7465423035516847 11.92599982819457 13.286861544595064 11.60250669865037 8.742714844524963 7.237699884593046 3.91264267433356 4.170248052407578 7.757336250317931 6.772962981580767 4.556894166090638 6.6921666211563124 10.484325442568057 9.168705493452132 11.62495198278961 17.351446702970073 17.776567471918916 6.800892333561551 11.744874356070794 19.63275123673912 15.125139845643112 9.155347475276168 11.496596371722983 11.890624134618605 11.779468878960454 14.977958549850003 21.032830288745938 87.18869153579331 89.11916388116761 -9999.0 -9999.0 -9999.0 -9999.0 -9999.0 -9999.0 -9999.0 -9999.0 -9999.0 -9999.0 -9999.0 -9999.0 -9999.0 -9999.0 -9999.0 -9999.0 -9999.0 -9999.0
8.575678708449244 10.775849474467723 11.875031602346485 6.058618796708479 3.421457811922063 11.071770913074792 16.166455607098445 14.969281286368204 15.87126883904891 16.797748779999324 15.30900529998424 7.721003624773979 2.0076225381059016 5.645096839787714 7.571802728303665 2.564582264343472 9.21264007671773 12.686226332537018 13.828493153203073 14.555918415113762 12.167475879672637 7.146312681039849 14.980271479317208 16.336988608353938 20.682387814791667 17.99154495625669 11.92975630392221 13.065537247050468 16.10388071379816 20.065591392536007 22.145339812705586 19.493017724165476 11.278533674771449 89.0148109510014 -9999.0 -9999.0 -9999.0 -9999.0 -9999.0 -9999.0 -9999.0 -9999.0 -9999.0 -9999.0 -9999.0 -9999.0 -9999.0 -9999.0 -9999.0 -9999.0 -9999.0 -9999.0
8.454378575880899 10.739917094439381 4.230867603914647 7.705377486775866 13.535325972968563 11.57250439981822 9.586618258936284 9.90937801129014 16.292992072598967 16.985032571525583 16.971787422171634 12.87689581192963 6.050890831327083 6.080203283095539 4.292083141038306 4.44314535201276 12.679448354196243 11.182676702585246 9.92042205810209 13.192272929176168 20.190674546765862 26.552402315443853 27.666101999808795 19.93420161306644 20.565990139893255 17.28943178309556 18.701774565971473 19.63714820615535 19.968098228937762 19.44925210314352 12.880800535153602 10.690011410523198 18.334478539287876 89.01512582801665 -9999.0 -9999.0 -9999.0 -9999.0 -9999.0 -9999.0 -9999.0 -9999.0 -9999.0 -9999.0 -9999.0 -9999.0 -9999.0 -9999.0 -9999.0 -9999.0 -9999.0 -9999.0
2.94606571073642 1.9501123159291642 9.97696778882849 16.360405825306987 16.483408218846964 12.6806172640173 9.064292737899715 7.4519329470780855 9.489701644267976 13.966345798220702 20.756900135407726 16.631815464750876 11.298501706022655 7.970136888531037 7.832231433483228 5.322852793549543 11.349442975132504 13.422604600326036 13.704012367013165 19.22307955188963 25.305352476804092 25.846738031577637 21.36389244456536 19.61776424284368 22.037445487269736 20.318266720376315 20.74784528792698 19.0555240207749 14.581811078563678 10.720492576673829 18.76797104275403 26.540275000721586 28.246219747923465 89.01801696838615 -9999.0 -9999.0 -9999.0 -9999.0 -9999.0 -9999.0 -9999.0 -9999.0 -9999.0 -9999.0 -9999.0 -9999.0 -9999.0 -9999.0 -9999.0 -9999.0 -9999.0 -9999.0
11.666105390614867 11.426697532343677 15.15881968205523 18.228755840349343 17.454351879291156 18.685361213087308 16.55926784433915 11.80001927874451 6.440093678853631 10.91469271286344 16.46003329399483 14.90604642988745 9.625027922747952 8.344127646318656 13.659436128861072 8.423399251947984 4.609636118674438 13.125483992747862 16.656589723865856 18.58486256288486 17.327093784075277 14.397998252018722 8.659801581756867 16.985032571525583 18.23617141840362 14.381831345080558 15.57296218226063 15.067276363582497 16.70904253302803 21.74246227808973 27.57140411262137 29.609569372191388 86.03343912328272 89.02182998208148 -9999.0 -9999.0 -9999.0 -9999.0 -9999.0 -9999.0 -9999.0 -9999.0 -9999.0 -9999.0 -9999.0 -9999.0 -9999.0 -9999.0 -9999.0 -9999.0 -9999.0 -9999.0
9.456190459373351 12.248728150061742 17.556659274711684 17.70589973089249 15.232905415180046 16.304831494921086 16.98039822884203 12.568784741736923 6.968702216450291 9.749281881983977 13.413837982418631 11.786069656335936 12.618731051086101 15.298295832749636 18.423156556702153 16.527811501531776 2.942851043052489 10.592568981867485 12.96317472552967 6.332817909811782 3.236831096980961 3.6192313290166784 7.9960293185740925 16.55123978919408 16.2287367059342 16.66692717316094 24.191143000240533 26.751435654279284 29.388770636346813 31.44601751668713 32.15551519301547 86.00703885993791 87.18838184477505 88.91487561123391 -9999.0 -9999.0 -9999.0 -9999.0 -9999.0 -9999.0 -9999.0 -9999.0 -9999.0 -9999.0 -9999.0 -9999.0 -9999.0 -9999.0 -9999.0 -9999.0 -9999.0 -9999.0
3.896524568092566 6.877204135161737 12.218542962254498 13.044956922948357 7.490460036728988 1.6876048941769748 4.5437841392391 4.9824344804782825 7.852312777626966 11.481191155656763 8.673619911384739 6.104775012939843 13.62826169909914 16.49559515393519 15.38764249685822 13.56631397409481 7.921202463386917 2.564582264343472 3.0221848580302164 8.340069343311926 7.6368719461523 3.6400557040566377 7.22011997772565 13.6170618313427 19.76967936793191 26.3020224881623 30.694061664174377 30.033275958287316 29.484511094824974 31.841803369629208 86.0068289603976 87.17830854645189 88.91503281670049 -9999.0 -9999.0 -9999.0 -9999.0 -9999.0 -9999.0 -9999.0 -9999.0 -9999.0 -9999.0 -9999.0 -9999.0 -9999.0 -9999.0 -9999.0 -9999.0 -9999.0 -9999.0 -9999.0
0.23873103309890856 4.7213014607488715 12.370805022742745 11.036622158344558 6.557426069430245 14.440536700589043 17.30253621829478 17.41591198238131 18.15971170371064 18.844021589184276 16.48426681580695 11.500509303960497 4.2219426403282405 15.05712783692084 22.595549095593192 18.112783009064103 6.112432808182477 5.252400230734554 8.112039224054316 6.527939979153297 8.110899175673511 7.479709919071152 5.815745862212939 20.94694924388247 28.632096976803737 29.082856216744 30.71071186855275 27.617743129128474 26.30211234070064 24.63352575608208 87.19701335714919 89.07895291433505 -9999.0 -9999.0 -9999.0 -9999.0 -9999.0 -9999.0 -9999.0 -9999.0 -9999.0 -9999.0 -9999.0 -9999.0 -9999.0 -9999.0 -9999.0 -9999.0 -9999.0 -9999.0 -9999.0 -9999.0
4.763641690726178 4.874289611720704 11.901173858440812 6.514578406201861 6.267541822246728 13.63794532584758 17.624607314070847 19.24383670006734 19.528075298806755 18.338234534170113 15.934954511680251 16.848656620839034 14.708303899682747 22.511112847162323 24.998991088193126 13.048578125282937 3.958214742961568 5.908951578252874 5.325792118326219 11.901173858440812 7.357007838144761 9.155347475276168 20.576831686166823 30.244699592885627 31.47066467608624 26.89114608360834 26.48456879954606 22.642112034799553 21.328441479063365 86.01302395968999 88.76179058389485 -9999.0 -9999.0 -9999.0 -9999.0 -9999.0 -9999.0 -9999.0 -9999.0 -9999.0 -9999.0 -9999.0 -9999.0 -9999.0 -9999.0 -9999.0 -9999.0 -9999.0 -9999.0 -9999.0 -9999.0 -9999.0
10.675301325412189 8.554151614101237 14.701999865844016 5.143958232906396 11.101917155947858 17.523276917886324 16.024310422707753 19.41888717620229 22.028645384012346 20.22029662675828 17.115964590319685 15.864253502376684 13.851755206874056 18.505350914499836 17.493961698201165 4.959733914994935 8.31197293634134 9.328389841504137 11.593463365615401 4.899314497341637 15.07339984228436 22.94256292258058 25.196567440355768 30.884057648328085 31.240513347653014 23.79055904503779 19.9507560197983 19.640582429411047 20.107845743719796 87.20876402192056 89.12616874052362 -9999.0 -9999.0 -9999.0 -9999.0 -9999.0 -9999.0 -9999.0 -9999.0 -9999.0 -9999.0 -9999.0 -9999.0 -9999.0 -9999.0 -9999.0 -9999.0 -9999.0 -9999.0 -9999.0 -9999.0 -9999.0
10.59028457549792 10.342668862305256 14.482527477924842 7.830654138627736 15.498228108642822 19.695285063010736 19.306494312574554 18.580432151412598 17.788597206020118 14.957702308242068 16.162234490508457 17.202401116069666 17.468899238125445 16.990823291986167 14.898095443281047 10.479993430908213 15.353999849774953 14.525774914441987 5.316969156636038 16.243605870639396 22.10801796904294 21.941431465000495 20.93246254422662 29.996912844396686 30.16891226379768 21.449300529556595 18.928473289831437 19.103328960921317 86.0076095235453 88.75994377258213 -9999.0 -9999.0 -9999.0 -9999.0 -9999.0 -9999.0 -9999.0 -9999.0 -9999.0 -9999.0 -9999.0 -9999.0 -9999.0 -9999.0 -9999.0 -9999.0 -9999.0 -9999.0 -9999.0 -9999.0 -9999.0 -9999.0
11.452670234856718 11.695072974814506 10.686618741441563 10.86372252618865 18.89209208163082 23.56776678913573 23.829554175981237 20.764930196939844 15.308441867088991 9.380971591315406 12.994139188759233 17.194743436588816 20.349734188979227 20.00955705287959 18.22148785363914 12.719821891141958 9.868460559639043 4.806254731280407 14.10677264683165 20.791920836423703 22.569721748910798 19.98461506151516 17.91220235233546 29.850365869342202 29.427163092839624 18.263228212740398 16.679118589886976 86.0281466669879 87.20589477476949 88.91435207326931 -9999.0 -9999.0 -9999.0 -9999.0 -9999.0 -9999.0 -9999.0 -9999.0 -9999.0 -9999.0 -9999.0 -9999.0 -9999.0 -9999.0 -9999.0 -9999.0 -9999.0 -9999.0 -9999.0 -9999.0 -9999.0 -9999.0
12.204151201043558 9.369567680021934 4.7583701426528995 18.631299724281742 23.479396338957212 23.25911663366323 20.624751034964223 18.414044487095413 13.228196460385037 7.999115058864232 11.692000560553218 15.462090233743407 16.36543083993506 14.881207162742848 10.004655378199608 3.236831096980961 9.97696778882849 15.435338627189603 18.492278991639065 20.922376707487604 19.275550988667778 14.455420623324967 15.493230436004191 31.430619027643775 30.94478314919051 14.390927849841257 86.04449985532199 87.19929112452365 88.91251941644632 -9999.0 -9999.0 -9999.0 -9999.0 -9999.0 -9999.0 -9999.0 -9999.0 -9999.0 -9999.0 -9999.0 -9999.0 -9999.0 -9999.0 -9999.0 -9999.0 -9999.0 -9999.0 -9999.0 -9999.0 -9999.0 -9999.0 -9999.0
5.992864281892495 9.753342274903009 16.8595168388382 21.00726721626009 21.92962410816096 20.519438061977727 17.821509110544795 14.638783325541263 7.480537424794853 5.580492427558484 7.770467789371252 6.332817909811782 3.548037152756375 2.149056510028617 3.309071653057801 10.949170642770582 14.74527587369659 15.171355469963212 15.86551294186311 17.542839143077686 16.81300764331472 14.36463063616984 13.652778157026873 32.06567620171295 33.16176722071981 16.444025491729608 87.20253329616502 89.075654805753 -9999.0 -9999.0 -9999.0 -9999.0 -9999.0 -9999.0 -9999.0 -9999.0 -9999.0 -9999.0 -9999.0 -9999.0 -9999.0 -9999.0 -9999.0 -9999.0 -9999.0 -9999.0 -9999.0 -9999.0 -9999.0 -9999.0 -9999.0 -9999.0
18.311018787468143 20.318660470466853 17.06275451917167 18.27288969553102 18.568611044631048 16.51770936297884 16.53773502664951 14.260711583026561 9.804410006585059 3.6967114335919513 1.5691206666775839 4.1041266460129835 6.7587234829660545 6.419271790965332 8.56241044821684 13.585991207888908 15.15881968205523 14.21077699772548 12.08881768365196 12.939439046634325 14.405468253673746 12.807766166398215 12.722849874951025 34.29734556052548 36.113368365993594 17.503209030957343 88.75689447121032 -9999.0 -9999.0 -9999.0 -9999.0 -9999.0 -9999.0 -9999.0 -9999.0 -9999.0 -9999.0 -9999.0 -9999.0 -9999.0 -9999.0 -9999.0 -9999.0 -9999.0 -9999.0 -9999.0 -9999.0 -9999.0 -9999.0 -9999.0 -9999.0 -9999.0
20.791920836423703 17.80420487435666 16.810493625276713 22.274920350268978 23.3556228019249 20.07026256823708 18.764909025318207 17.8663075552971 10.054647759556305 0.9072469422956451 6.054498479394494 5.6267954310460135 3.016961309815993 5.082074549758685 9.925632685976362 12.681318551313908 10.264987649301212 8.591786506638568 7.050611666212921 10.08059798754232 13.495768115674109 14.222050628593289 16.772727411890486 35.321911872010034 36.8326001382292 17.55157760093208 89.01912060434773 -9999.0 -9999.0 -9999.0 -9999.0 -9999.0 -9999.0 -9999.0 -9999.0 -9999.0 -9999.0 -9999.0 -9999.0 -9999.0 -9999.0 -9999.0 -9999.0 -9999.0 -9999.0 -9999.0 -9999.0 -9999.0 -9999.0 -9999.0 -9999.0 -9999.0
21.189406960032617 20.322728617609766 22.05959968510733 25.872403716706852 23.161254739700794 18.82501006558429 17.005702468482838 12.214641993897112 1.8313870214961825 6.876752499271935 5.510573533199841 1.391763426244203 2.4188163340941133 4.630019514431122 6.245127615112332 5.561972962609263 6.514578406201861 8.565998613039229 10.619655276155134 14.484332483785625 18.116903098005924 16.405390401598936 13.654281897699843 32.292174078130806 35.78854858351842 86.00329659970957 89.0194700510377 -9999.0 -9999.0 -9999.0 -9999.0 -9999.0 -9999.0 -9999.0 -9999.0 -9999.0 -9999.0 -9999.0 -9999.0 -9999.0 -9999.0 -9999.0 -9999.0 -9999.0 -9999.0 -9999.0 -9999.0 -9999.0 -9999.0 -9999.0 -9999.0 -9999.0
19.68967329725291 16.164345216716605 12.875287593271349 15.724424083511503 12.9588420959987 9.417364617751732 7.393958126885864 2.5373477174551478 4.745826315044786 9.937269293441107 7.696949633153327 6.033853425741449 6.908292952821979 8.601435832695495 9.728013129482838 5.633457546086344 2.569502822889635 7.946097649177653 13.74160024631036 14.039571739570714 15.412816793809636 15.453179202148739 15.02644133272167 32.83372824603131 85.88760108294615 87.20263193406545 88.91267771790972 -9999.0 -9999.0 -9999.0 -9999.0 -9999.0 -9999.0 -9999.0 -9999.0 -9999.0 -9999.0 -9999.0 -9999.0 -9999.0 -9999.0 -9999.0 -9999.0 -9999.0 -9999.0 -9999.0 -9999.0 -9999.0 -9999.0 -9999.0 -9999.0 -9999.0
20.995599232239876 17.417034654283537 11.52161367172188 12.577282005303335 10.543909030358751 5.288634484293224 4.0228577064787885 1.4098317847360127 7.642133333331852 16.14797829437143 15.12361548283454 15.103018654205972 16.085315833619827 16.630456656849567 16.399170782197373 14.039571739570714 9.312651718430828 7.636871946152298 13.600673649299758 15.686541353114329 18.006622079070517 17.71296685466262 16.94110875141236 29.3363207615875 87.15642261925787 89.07292557460892 -9999.0 -9999.0 -9999.0 -9999.0 -9999.0 -9999.0 -9999.0 -9999.0 -9999.0 -9999.0 -9999.0 -9999.0 -9999.0 -9999.0 -9999.0 -9999.0 -9999.0 -9999.0 -9999.0 -9999.0 -9999.0 -9999.0 -9999.0 -9999.0 -9999.0 -9999.0
24.24285263091059 21.67176410028837 19.071238452922262 17.256210589406205 11.82331218085684 5.9725223614952005 2.569502822889635 7.659509406945086 15.055403694252336 18.721533743266413 16.778273034422003 18.109730319752725 17.273884489886232 13.712565528069504 13.866112763523757 14.946305933710894 12.978439797369882 10.761829027585748 15.685994160348832 16.09026901663232 17.37205674666266 21.444060198367634 18.481574916796863 85.93740861647356 88.74666609331621 -9999.0 -9999.0 -9999.0 -9999.0 -9999.0 -9999.0 -9999.0 -9999.0 -9999.0 -9999.0 -9999.0 -9999.0 -9999.0 -9999.0 -9999.0 -9999.0 -9999.0 -9999.0 -9999.0 -9999.0 -9999.0 -9999.0 -9999.0 -9999.0 -9999.0 -9999.0 -9999.0
24.331981523335365 18.96375675453609 10.896163213861843 8.071654587187593 4.2368069829599335 1.915765042975707 9.646541312254973 15.77524682383498 19.27794439305664 20.191071657974774 18.09674905586663 19.16134039251556 16.411089182110913 14.136107650382717 13.551371915807838 11.471518553787643 14.5728543592192 16.91934317320757 22.079499822455453 24.035522226799067 25.74125115790047 27.067364588518295 85.97984725461126 87.16744803774921 88.90538313341386 -9999.0 -9999.0 -9999.0 -9999.0 -9999.0 -9999.0 -9999.0 -9999.0 -9999.0 -9999.0 -9999.0 -9999.0 -9999.0 -9999.0 -9999.0 -9999.0 -9999.0 -9999.0 -9999.0 -9999.0 -9999.0 -9999.0 -9999.0 -9999.0 -9999.0 -9999.0 -9999.0
23.697086711904902 13.708931188335297 2.4959358160263663 2.8313662080932556 4.149841933547685 6.513145126889638 10.873993030351267 13.272666984238162 16.32152810153582 18.388619541082612 18.189646694235986 14.729359892300359 18.182206822939012 21.050849064501918 18.668341960392958 15.820818785516524 18.077484349427134 22.67547998733586 27.14325044653791 29.259547506700304 30.315845567719514 85.99957675252654 87.16752532303221 88.90316144293631 -9999.0 -9999.0 -9999.0 -9999.0 -9999.0 -9999.0 -9999.0 -9999.0 -9999.0 -9999.0 -9999.0 -9999.0 -9999.0 -9999.0 -9999.0 -9999.0 -9999.0 -9999.0 -9999.0 -9999.0 -9999.0 -9999.0 -9999.0 -9999.0 -9999.0 -9999.0 -9999.0 -9999.0
17.702129139959172 5.68646622824234 5.78991130988102 11.73671795750264 14.214877708121914 11.006278990186313 6.83234176639437 13.135819037942902 15.724424083511503 15.52595779178969 17.2654557264058 15.386149138046001 10.295076393367887 12.610500619908988 13.865479705371628 16.336988608353938 19.528075298806755 23.927251752204107 27.549601269937714 85.98930173008324 86.00035040909928 85.9999768843396 88.90438894929945 -9999.0 -9999.0 -9999.0 -9999.0 -9999.0 -9999.0 -9999.0 -9999.0 -9999.0 -9999.0 -9999.0 -9999.0 -9999.0 -9999.0 -9999.0 -9999.0 -9999.0 -9999.0 -9999.0 -9999.0 -9999.0 -9999.0 -9999.0 -9999.0 -9999.0 -9999.0 -9999.0 -9999.0 -9999.0
