src/main/results/Slope.asc
ncols    218
nrows    236
xllcorner    466515.47101027
yllcorner    2626221.2241437
cellsize    90.0
NODATA_value    -9999
[rows 115 to 137 of 236, columns 52 to 103 of 218]
16.381359776878508 10.21700169300385 8.356290055950153 6.587720057415372 4.212998494935327 7.765297540385877 12.71795811018564 12.31368308475502 9.077793916813006 19.991592290967663 23.475971177353735 16.479973281846057 13.198975238449098 9.074758021008682 3.639190426371691 8.200072736226517 13.88719555315253 13.765245214246473 14.738204609845095 16.37928316518592 17.083800443048354 15.353999849774953 7.95230864115861 5.288042527173056 10.683507759366373 5.451223091409711 14.021671469937607 19.678854383990597 17.02205089750876 9.51282745032744 0.733627941778096 4.015030862914612 3.748305308523651 2.449956881349118 1.5671035112129106 1.7025309906284873 4.1972997152500495 5.3216765985636085 4.845251016755033 1.5791677179449233 9.31724494609253 13.38024475291308 13.322272111413508 7.1843940757141365 8.765501250097001 16.117831425149916 16.75860104616333 5.980876378723448 10.974195741160175 11.006278990186313 8.236055445576136 9.074758021008682
16.505885359456595 11.059523683533657 10.624209754955418 7.757734518422644 5.334600150917137 5.510573533199841 8.721625081863468 12.054718690668611 13.040428806611025 17.577760158965674 20.002990356719774 15.054828927859692 9.7698773569139 7.991012316227681 7.938715458557466 3.7675732513902798 13.184672265719993 11.871004010907205 10.48172646983273 14.42140253270814 16.605804523321527 12.833854680335033 8.371007327239813 7.806954556751813 6.603755221333418 15.2742137916377 21.75011183590223 16.52387428228707 14.934512394386838 12.424043454607727 3.9724959407506595 2.4704981357111615 3.372286683433898 3.221208280736578 1.4098317847360127 4.901234093241114 7.606443334774897 9.542609193561164 9.166369342231476 8.457288093518297 7.363740476577823 6.778925149871559 5.678217093764243 5.090698353487943 11.172179340673825 15.745684815733181 10.200654410127875 10.836189464157485 13.380464631067369 6.635705175904018 6.700059719233453 3.3062126012525224
18.96720849202764 12.204151201043558 9.41314816825716 7.6084758747075565 4.431819877885358 7.743782347416435 10.549072861458674 10.671903540519596 18.079932113065745 19.12838176841403 17.048431406119445 13.674885362790311 8.920869992468244 9.694758592450736 11.12656454768529 5.610104636738722 10.78229217379077 8.669724800968998 9.341810329649237 10.231541751613447 9.705752439307505 11.770576702049766 12.634938988686413 11.499465999742789 17.31336630971412 21.77685554567174 14.493553946086454 9.993711968657783 16.809990765853435 16.711744264554127 7.11674072795365 5.309310456313789 5.510573533199841 3.3394145472478605 0.07957742037736522 8.758146378016281 8.603221485370259 4.393377408433921 4.295742554222033 8.491033793171427 9.725820853070715 6.457954637909866 3.8957168905328294 6.629140282386492 6.443959845021457 9.813100242505133 4.426146099405743 12.240703162755706 12.638459340268154 7.22011997772565 4.2486604689978575 4.403376711597533
17.74605636840541 13.41120671278533 13.066666962065783 10.578568535652808 7.679259826096638 9.385203546072047 16.16153084045441 17.69285545327884 10.849548398995696 11.563953466180024 13.384861323062555 10.35877272801669 9.789804112542674 14.073633716023293 10.048300047679554 6.898846544966902 11.139000805535447 10.627624214280035 9.801925555095703 9.977881891608234 12.844918312035537 11.788607319998338 13.04427781981967 18.508913918986178 21.328441479063365 15.66810652798422 9.319212729879075 15.84516718027127 18.114614307412438 17.386047655667674 10.224422895820124 11.081286234268033 7.568942574069699 3.4626536733693762 4.3969512396908605 11.986941834487952 7.797849664425502 5.6267954310460135 6.897045705185736 8.334162628400929 6.990050309199428 5.490103535315624 9.48584145588693 9.463612559064778 3.6461068362687827 9.260314525900226 6.520785516724521 12.387859775916747 11.39670833719546 7.164946983074777 5.942662953652147 1.8502813052827343
15.809440678928482 14.24456662804202 14.50497098757664 14.695692640915862 11.255855918664167 10.860111440590474 17.614649624604954 20.978143327194527 15.083917663812713 11.927252133664075 14.218772103667066 12.353242194289946 10.749755421937264 12.627894952484107 7.363740476577823 6.607993078974548 11.291051538983886 12.005604518150015 10.999158271052183 12.468213114979772 13.160047473967941 13.809638798713605 17.050407898000124 18.829511229811047 14.643535728731683 8.695186451589453 15.135043748007929 18.84590686899973 21.429426569217895 19.521153528373762 11.858407945041197 14.413337125319226 13.561768399617895 11.563175760415241 9.916742186118308 12.036884949128114 5.6688531813473215 6.862283850356859 7.955800083158087 6.419271790965332 7.159751795528122 9.38878283334454 10.480859989426865 8.025293441068968 5.390622880939416 5.5467735185423335 3.3166836350405835 9.023320393472769 7.986764570182322 5.561972962609263 6.120080729914016 8.303079513484631
9.862600238649158 14.705152281388965 13.192272929176168 12.040602751190288 9.879861990632651 10.104973464587951 16.61465046896602 20.64993795131189 18.834301255234905 18.59357172728459 13.314535277602488 8.47871314708616 8.766901434532368 10.907782762423507 6.555053247593649 2.387267654137136 6.356873070135113 7.356586834599829 7.5065550253460165 9.590434873714988 11.004088539379032 13.178185383525888 15.797871822253418 14.198261287921461 9.322163571264856 14.72798348367765 18.713486972105446 20.458574936632324 24.3426316454047 22.701471370964015 11.367688342258239 13.676600700140849 13.080214855771205 12.601086963960558 9.80937687286706 8.135562530608276 1.082241905731214 6.4497546018190945 6.536038573707978 8.985558871737556 9.795711452032467 8.282288957655865 4.969836113972706 3.23585689949234 6.708870025436249 6.037988251902352 8.631382797727358 8.416092460426107 10.04013231731406 6.606109934276018 3.3741553297392253 7.638896005928615
4.722630444032624 8.200072736226515 10.262623692879309 9.173709390429659 5.961015914468944 10.246059403967996 18.048078153297027 21.310131958675267 20.871847048862072 18.714218682084812 13.93617494867234 7.88566232879776 7.0002556142103955 7.749765076129894 4.660424547807769 0.5032791768879319 1.9886378564740679 5.430523882926825 8.82862328392744 10.243690701467255 11.09187843368195 12.23121145765779 8.534367877095795 6.811848360189293 16.778273034421996 21.2659271209609 20.021610810893755 21.186804244448204 23.170315209733282 19.12937729849982 7.090541150632897 10.816954293598654 6.067364902522706 2.397830219013557 3.0378012117571895 4.495847126067965 5.159158929886789 3.992245103102545 6.12415559711596 7.4086007631067305 5.808760661130954 2.215666730710159 2.101469263114345 4.300860423272769 4.4762455619764046 8.744820848637321 6.201556436523712 8.966101909807493 12.161106196863564 5.854278064920401 4.660424547807769 5.107287986983988
16.922668408591267 15.406294855837423 15.68927697183777 14.476107538491146 10.683507759366373 12.735884165783734 18.338084313337514 19.56332591457119 17.761554910994203 18.84590686899973 16.838624105420777 9.005651334966608 5.085156193928244 4.889063674576052 4.12857200030124 1.037449893346291 1.3894883350031675 4.170248052407578 7.2565167252560405 8.814367033754932 7.864885341082543 4.942638693926747 9.160359171943087 16.37668694706375 19.915741286943337 21.501727372086787 22.269027352262395 21.86155687477057 21.88988545323695 14.786836762727512 1.5365278024151359 13.316746327649271 10.367837459092085 7.454009592341949 6.415390243725206 5.1882167279326605 5.448927156077076 1.915765042975707 3.440744519814838 5.1585517806060395 6.267541822246727 4.119422226464188 3.270743652220974 3.440744519814838 1.836559338717378 5.282711860124945 3.204524877762318 9.426763253160475 12.218542962254498 7.804184683040923 5.444332310429127 3.228052645295383
19.395723160553867 20.486766007031232 22.22956786862959 21.31971953251754 17.412543421585244 17.42713461675849 20.168419508211162 19.989579963474686 17.77547334851332 17.86149234383447 13.380464631067369 5.334600150917137 4.940735500750143 5.831832745591207 3.7238672163946718 0.5338064621315732 1.4320961841646465 1.4343035847371812 2.872310351596806 4.952776460418367 4.158167796357627 5.322852793549541 12.132396181172888 17.20256399918141 17.98215208991332 19.65033127915588 18.46475934185903 16.71427664836587 16.17120275828899 11.54163616146147 1.2453882822012983 13.571506767640614 11.779976777423027 4.595313010403893 3.087238793939406 2.1710026731901695 5.993384935247707 5.759078125595213 5.7133282142568165 7.288474104362876 9.47908206419427 9.175376707832784 7.258651783638547 1.9934010324810942 2.5756402310644444 3.4324921846728778 0.9548412538721887 7.5267259062021665 9.447469573157804 8.128740574982427 6.972264951736562 6.215112248016109
15.294912033427249 17.197839606877395 21.595431146625593 22.412483435502587 20.322334974060734 19.97185976664479 20.959660993565038 19.407170185505713 17.87034485035714 16.74193320466291 12.055461122124266 7.11499721462834 5.726437914863258 3.527556871329745 1.2171181316034883 0.2869182556816804 2.5361027976968007 4.560337803526502 5.1146435194657895 6.050890831327083 6.656294033061947 8.135562530608276 11.692000560553218 14.814011817978676 16.409880552549144 18.73059927633726 19.559873691263597 16.55551062724403 12.920231667545872 11.856895413436138 7.643751458332176 14.068240050317664 11.914722460357869 0.8752840910796715 3.7103144474648184 7.838931218325096 7.292299171908567 2.4148953949101633 1.6400835042728727 4.146810144288394 9.424171530542447 9.79695461282923 8.383128511527433 8.566716054821791 2.3912341090279297 6.484890694204674 9.18237590673113 7.583232052233423 4.84848628107663 2.0818251113301804 7.904039195954984 10.208088516522077
11.673547177771153 15.703128610102727 18.882982512096483 15.190704711544214 14.087107359496537 14.760975471204132 13.815361809054302 12.616144998857907 13.42172823466834 11.354734825559163 8.154858736110741 6.301750490571145 6.83234176639437 5.606760362014886 0.9581503229068795 0.6561839510398852 4.995627881628439 6.962016978707832 6.063250706694371 8.339700303168287 11.80001927874451 13.348759351812898 14.308001533851636 13.704867960785009 13.1808700535707 18.540348785497734 22.4458860764628 16.965988630885004 10.489232697520508 14.697861109677174 12.664475512354905 11.668415475737085 7.729004178024042 3.05952920000781 5.653948373650667 3.6461068362687827 3.7356851026338913 9.33035510733198 12.181427104904964 9.48584145588693 4.020511274296108 2.9321098503806287 9.00701180587283 7.991398357153736 4.868496015545357 3.2678507705244684 7.913405829230431 10.787611223956343 7.755742963317476 5.951584521749746 9.400811529956277 9.328389841504137
7.120662007502331 15.067276363582497 18.060031783743057 12.89548860977192 12.338544811627349 12.099913643995771 7.168408262036089 8.087681460593835 11.92299369539944 8.06936229653362 6.9700384640608055 7.110200257330188 8.467463071335487 7.144576683413715 1.8451475595534081 1.3549028962979939 7.090541150632897 9.453284456741331 9.108429518048181 9.789804112542674 8.93082823119422 7.2072283038855955 6.328389348878505 7.1415376297878925 12.330344266430172 21.579007589774694 26.22862787607817 15.752038134424975 2.274775356805859 6.739842664259009 9.501593290114597 6.080203283095539 3.913446815427813 4.01032732819886 1.182836096210547 6.436225111670141 10.840644448589078 12.43958268466919 10.598848326349268 11.642719224794245 10.027715691560635 2.5273710995732226 4.668498525499373 6.503581579675468 8.525719726479371 8.005282784402471 5.3935244147044745 1.9501123159291642 5.296914779495986 11.301692973274026 13.328457869592969 7.438628065870571
10.900314613652114 16.581959634575973 13.422604600326036 10.838138766958277 10.33563316489509 10.680678733651957 8.611430429540473 6.245127615112332 13.241555580824306 9.393011014567742 3.164920011458807 4.845251016755033 5.3216765985636085 4.067179338102371 1.7173270594056518 1.082241905731214 7.958514535385523 14.034787060263252 11.036349206121876 3.5860094419975823 5.0629256089964505 9.248420565193811 9.612348781626856 8.544085959935774 10.68124460436637 22.809699498761447 28.08450242921637 17.02799094357637 1.4232322888739273 2.2622397733475377 7.220549286929642 4.2368069829599335 1.7877009119829437 3.5622141521666655 2.7082921480661177 8.72056917124909 11.652748258216555 10.115786578474278 6.438643247761389 8.49320606013675 8.220708163985217 5.469555039067276 1.5691206666775839 9.723001429232351 8.585705104577787 6.301750490571145 7.924708317892707 2.141690958953892 8.659801581756867 14.313696583826271 11.36953751173095 5.109741032668191
16.057153582466036 15.050996485018256 11.01941163932981 8.43945063280957 7.597900448551989 6.484890694204674 7.085289130392775 5.868128565410461 10.149347517594363 10.086923685204807 6.9762707678003295 7.316052705562197 6.952646418706178 6.050890831327083 2.9705951106290143 1.2171181316034883 8.997483902344353 14.337262160529187 3.7356851026338913 7.187845596629332 6.781216843385064 11.773880384269722 10.773327269117447 6.4497546018190945 9.48584145588693 22.16641045204732 27.750060679631456 15.72933348463148 3.4862317109070875 3.5763343749973515 7.942213185164851 4.863985021999215 2.9769606079131954 5.149435764747119 7.536584915274198 6.2010537824392635 5.0629256089964505 5.0629256089964505 2.1179484255485814 5.006282271664123 8.811930587774778 10.048300047679554 3.2153299884742874 8.276710691694655 5.3216765985636085 7.614976184310342 11.393810018987175 1.7447307179543323 10.088128092710374 11.243829593370423 9.79695461282923 2.564582264343472
14.535564636738622 12.745882379475045 12.784165305343297 10.923530446050371 7.187845596629332 4.890987372270858 2.5890910428040503 4.638824020629927 5.662233792666815 6.842791571824186 5.802843357897616 5.534922146367657 8.795204190171425 8.166564312937464 4.5486186193677955 0.25164444244663786 6.230138579884795 14.13177384771931 9.985191454939203 10.571989914326805 7.4336323178542525 8.18691252530053 8.779492412992239 10.302142217322828 13.651059362056595 20.02455580546457 21.871045008062975 13.521430708701432 7.938715458557466 5.894140485322112 5.571521175206326 8.230069856252339 5.79422528739331 5.917397942764646 2.915923354407227 11.156278009591684 14.225533094278088 9.890634062982516 2.682525004522053 4.703322765062364 6.396919649384458 6.778925149871559 5.515678869829233 7.418206625114528 12.62178652157447 10.912205684180066 9.011091904245287 2.894199564777966 10.197976691639715 9.298528751363342 9.83881192235132 10.7328836716095
11.65377633442026 7.659509406945086 7.386415819366668 5.428795300433438 1.9758797375542316 3.8795275918078715 4.299398805969441 3.7558568455155075 1.3894883350031675 3.0378012117571895 7.0272472120955785 8.889544572555653 9.382273949235952 10.578568535652808 9.915821987498816 4.924209734484847 2.56704372891003 10.322427170891327 12.137309274837042 11.844787400501575 6.266050115841835 10.850104629797377 15.292279570813387 13.34787741541496 14.806393114197508 17.680113769102277 14.348419660996026 14.645119459281421 17.84657026393897 13.2065664839064 11.210080084858156 8.066687090267818 1.3241972611645605 4.972988758095225 10.683507759366373 9.018906590242214 7.416536974278209 8.98010180535728 6.285909495708061 2.756811325803817 5.1463934267853775 8.516340395823791 8.797296839500957 12.240703162755706 9.921341795603245 6.217117923569691 9.524367737071032 8.997483902344353 12.975024021583557 11.447690637127957 13.983283670928978 15.530389023568882
7.985219345773575 8.39486471292343 7.2684646267555095 5.904723736040794 5.082074549758685 5.199672934291984 5.6979944250507035 4.84266121931341 6.311136660592506 5.797997312656394 2.1179484255485814 6.2436303822734285 6.18192169171569 8.811930587774778 7.4871540274850785 7.016640454278456 4.969836113972706 4.497942144185354 7.154552677451781 2.9705951106290143 3.527556871329745 12.379215603799993 17.35805169653535 13.259565945346816 10.81611713099308 9.24345991399476 10.864833364539837 18.936113305302456 19.464689114728916 18.884139599940337 18.86561510828243 11.131973497724916 4.745826315044786 8.326773007256095 7.510264129995058 6.721369339369456 12.257475947342954 8.451104101116064 5.633457546086345 2.172457838188383 1.4098317847360127 5.917925428867041 9.157686631844793 7.032103080699442 3.6244487599228035 9.256021371424072 16.699920206507596 9.437769555474032 14.678528708393493 13.073217111846773 15.042369244334242 15.145130173757282
9.707321893948901 11.582601011749846 11.157087154884064 8.624262573562039 9.451023569405633 8.464920540727464 3.1818128120974354 3.7692440164074172 4.2219426403282405 5.520212884789397 2.5890910428040503 2.252441441509159 5.658921118768502 8.464920540727464 7.292299171908567 6.177886097225784 6.520308263743357 2.4666597445069343 4.5271689253897405 4.616440757801217 5.5077351395759875 10.796003877845099 15.678331044183233 15.893010516029635 12.038867936869755 5.02627507901963 14.675369545239558 14.185527189375208 12.901679436460018 15.489342018994824 19.08208581163816 17.791876255044805 6.002748747198823 4.2774137115339945 1.6226343758604127 7.3683654390078415 6.465662496001015 5.464977957258758 4.969836113972706 2.8134748729992376 2.497200864048273 0.679878303117854 2.7082921480661177 0.9279436753340138 5.955254111810944 15.050996485018258 14.3210148965587 3.092342743026434 6.625385889192565 5.407429591097809 6.7660767835270805 7.8711637116324615
11.632680577254426 12.646669179823958 11.114654646607985 7.502844002559314 7.832625705078163 10.667654644842983 6.681472338786901 1.1747826303849018 5.573204412909621 7.663544437514948 2.101469263114345 1.990226852515996 6.09147800207977 9.432915532468215 7.920423163045827 7.4672858256520005 7.602783328778656 3.896524568092566 4.054787738741621 6.671226398049396 4.221198029197471 9.024678023504901 15.450207488385605 16.723558006484023 9.417364617751732 7.433632317854252 9.787315661021411 5.02315655574251 11.744109961711034 17.602311212638245 22.800094414543707 16.694004301916493 5.129322267273689 4.952776460418367 1.105388401417345 8.795204190171425 8.554151614101237 5.900492778284933 6.453132392082752 2.6434006041518088 0.7117259335073653 1.1747826303849018 5.58888956652441 6.862283850356859 7.838931218325096 16.456592368122735 12.77489655104575 1.6876048941769748 6.6921666211563124 10.030442717931757 9.704496678708983 8.485962880066822
5.656159036411709 9.707949599266234 12.741465661490881 10.116987262248914 10.19380983414794 10.974195741160175 4.972988758095225 1.2040483875141994 5.337532856984882 6.033853425741449 3.8542981428716208 2.227046967413575 1.9694695869664616 8.665473469765178 9.099351325216807 7.88566232879776 9.115147880080022 4.1140753309278875 3.91264267433356 8.5195883252193 6.027645710223356 7.994485978413809 14.111322160125832 15.977835409333402 8.31197293634134 9.48616320268036 5.817356607760394 5.600623872173322 11.844787400501575 17.279554800913346 23.096260433620888 18.48573856169938 7.591792223263462 5.455811993354071 4.7964551816683905 9.083188390281315 10.080899308768139 8.250626118152693 3.8795275918078715 2.476882170491 1.1139442267334208 7.275708724820442 13.316967409496192 15.081623610550553 16.58536863060327 19.672139945119216 16.630456656849567 8.026830547459474 8.39193228997274 13.626969948769307 13.63342728795259 11.516406705292809
3.2436422170779267 9.944916929039294 12.646669179823958 11.205517988970188 10.734853538578262 9.457804491161538 4.6225562202853485 1.479897347325948 6.890288201248291 7.373407397274631 3.656456656145114 2.560885607688041 2.7739326940100715 9.259984358881443 11.784800596094914 9.851795055659668 7.238128106627684 1.8908481645983886 3.931095784160226 6.415390243725206 3.975662484420983 9.148326170217409 14.294159643105683 12.986633482666546 8.388632018172123 9.649068905470125 3.0687937453213516 7.189570709502081 14.214877708121914 21.437476787965604 25.821216922755085 17.90988019403216 10.90446427844697 9.708263435527893 5.2601436869375515 1.9091524329963763 8.206081417110695 9.30674257192163 4.7748240496794025 3.2678507705244684 4.691966863384949 12.684123261193582 13.248896522138772 9.859205701842857 14.738204609845095 18.765492316728793 17.10022013771798 14.05661473860735 14.786053872567747 9.699471884801662 9.298528751363342 10.427565788048605
5.42360616798345 11.54345447684852 16.01790980933303 11.389592825889759 6.968256741378543 8.341914285194672 3.817374446728968 3.381619493476642 5.470126898447808 6.788544868670582 8.147297339367018 5.3492472297617795 3.131865875510285 7.120662007502331 12.279799606070656 11.93526341184472 8.611787151881714 2.387267654137136 2.9331857520860924 7.4871540274850785 9.59838091246085 9.719867702432293 10.030442717931757 10.200654410127875 11.337526321455789 9.540051250218944 5.1585517806060395 8.160524935820368 14.350447206010987 18.241617138432336 23.43556280327328 23.45015168304411 12.606736111902832 4.927392156222954 6.381810612788694 9.971786160849293 10.080899308768139 5.847340167234991 3.681347290938028 9.708263435527893 13.731360805154806 12.923892721344458 2.560885607688041 9.136946117762886 14.271326991326239 15.53038902356888 14.782921821830568 19.78424150949056 20.279760667946963 10.330646391969164 12.280769164943221 17.227625049311804
5.808760661130954 12.793195001592846 11.985198325102344 8.920869992468244 7.1735969176889 8.847362521354972 4.374745682948437 4.845251016755033 7.775237124812754 10.507684655756572 8.476174189300663 4.2774137115339945 3.653010009683572 8.454378575880899 14.076951698783388 12.801523687706709 7.283796175428402 1.4320961841646465 4.471331524427113 5.4004815846634635 4.2993988059694415 7.069069829391239 8.716344169938049 12.074499365775747 12.555553851360408 8.435805429708294 10.288594753560313 11.614122346568218 11.348648962134074 17.41831759668133 27.486861176874125 25.289296337189093 9.216291183382388 9.43679896520448 10.648085841873513 11.56032367563233 14.458435442765468 16.84464450237782 19.89874295403566 20.288837533725204 15.837416679530874 3.577215019127331 13.103885195866743 20.49714575238426 21.37099732252035 20.50816641526744 20.328107380066626 22.203244675398757 20.933722804314836 14.081305169424464 17.282955870562994 20.238121004849436
