src/main/results/Slope.asc
ncols    218
nrows    236
xllcorner    466515.47101027
yllcorner    2626221.2241437
cellsize    90.0
NODATA_value    -9999
[rows 69 to 91 of 236, columns 104 to 155 of 218]
13.898354392296161 14.638783325541263 15.311258783695756 11.576647782603478 11.220806354318315 10.635302367447538 12.34240176936645 11.612574339421503 11.516406705292809 14.166400986132043 14.688395928661553 10.788730657847823 10.004351569517661 11.016950579151537 13.643966690166145 9.980014445868564 10.828109681364268 12.038867936869755 7.672816568464697 4.411217155434708 87.21428336513111 89.0743947452541 -9999.0 -9999.0 -9999.0 -9999.0 -9999.0 -9999.0 -9999.0 -9999.0 -9999.0 -9999.0 -9999.0 -9999.0 -9999.0 -9999.0 -9999.0 -9999.0 -9999.0 -9999.0 -9999.0 -9999.0 -9999.0 -9999.0 -9999.0 -9999.0 -9999.0 -9999.0 -9999.0 -9999.0 -9999.0 -9999.0
12.266216732233458 12.364552990274646 12.946747610830958 10.373096895258447 7.867240346925808 8.13783517618382 13.290407469753704 16.984370618734292 17.131854739462973 15.190704711544214 14.273775390135485 10.625348041303848 9.470383805677885 8.159769682242194 10.143662624445785 8.82549596167643 12.287553668041893 10.025290993921123 7.131977536300605 6.027645710223356 6.280950726696118 87.20990774105029 88.90993000145691 -9999.0 -9999.0 -9999.0 -9999.0 -9999.0 -9999.0 -9999.0 -9999.0 -9999.0 -9999.0 -9999.0 -9999.0 -9999.0 -9999.0 -9999.0 -9999.0 -9999.0 -9999.0 -9999.0 -9999.0 -9999.0 -9999.0 -9999.0 -9999.0 -9999.0 -9999.0 -9999.0 -9999.0 -9999.0
6.057074016001052 6.022467581095176 8.742714844524963 10.962378518439916 9.575158598077028 10.714573114898679 11.574576297096758 14.439127829736222 13.328237006367415 9.158354845013076 7.048410914970628 6.782591473871887 10.054647759556305 7.682479330806378 8.106337292494807 5.909479839800955 8.250626118152693 7.047090120940347 6.387663652835491 8.077382316063089 5.816819743504454 2.823552788920707 88.75534258638015 -9999.0 -9999.0 -9999.0 -9999.0 -9999.0 -9999.0 -9999.0 -9999.0 -9999.0 -9999.0 -9999.0 -9999.0 -9999.0 -9999.0 -9999.0 -9999.0 -9999.0 -9999.0 -9999.0 -9999.0 -9999.0 -9999.0 -9999.0 -9999.0 -9999.0 -9999.0 -9999.0 -9999.0 -9999.0
6.110391696393549 4.414064718467296 4.07104387395649 9.287674595811971 10.543048123453536 11.285460346755746 10.774168076106967 12.020511324658166 12.6236663950961 10.313906895796864 7.723804807085936 8.935631425418535 7.092728297495816 5.016288839878799 10.384774151355828 10.774448329129662 9.015509788449522 6.800892333561551 8.643117561922192 11.342294644671094 7.317322945364093 4.475543892331244 87.21506690108075 89.07221555266185 -9999.0 -9999.0 -9999.0 -9999.0 -9999.0 -9999.0 -9999.0 -9999.0 -9999.0 -9999.0 -9999.0 -9999.0 -9999.0 -9999.0 -9999.0 -9999.0 -9999.0 -9999.0 -9999.0 -9999.0 -9999.0 -9999.0 -9999.0 -9999.0 -9999.0 -9999.0 -9999.0 -9999.0
6.389126047175481 7.144576683413715 5.797997312656394 6.811848360189293 6.7624011700442415 7.516441716269494 10.315376454774846 11.045352710782774 13.137615488649462 14.381022440493487 11.653262308925731 8.531125909191706 4.795801153029126 2.497200864048273 8.298629026055705 12.608383240640993 9.603462666198652 5.245242050270969 6.4963993606348085 10.155626804959606 8.792064223059777 7.400655659200463 5.2470325314481805 87.20974611818892 89.07107969450621 -9999.0 -9999.0 -9999.0 -9999.0 -9999.0 -9999.0 -9999.0 -9999.0 -9999.0 -9999.0 -9999.0 -9999.0 -9999.0 -9999.0 -9999.0 -9999.0 -9999.0 -9999.0 -9999.0 -9999.0 -9999.0 -9999.0 -9999.0 -9999.0 -9999.0 -9999.0 -9999.0
10.055554221277852 11.395654497719994 11.967248593817345 8.45619714858644 6.688448880990479 7.172732413350498 8.652706171968656 9.015509788449522 7.995643512922747 10.330646391969164 10.896993632715178 10.011033055632199 7.575478408379616 6.80819838440355 5.946863053973501 5.881414733050954 9.695701448369848 6.962908729290241 5.146393426785377 8.303079513484631 4.504918385523789 6.365686080300436 6.820964431081406 8.638496795259774 87.20571476788548 88.7492692929715 89.01231056393537 89.1167228559281 -9999.0 -9999.0 -9999.0 -9999.0 -9999.0 -9999.0 -9999.0 -9999.0 -9999.0 -9999.0 -9999.0 -9999.0 -9999.0 -9999.0 -9999.0 -9999.0 -9999.0 -9999.0 -9999.0 -9999.0 -9999.0 -9999.0 -9999.0 -9999.0
11.297703733538322 9.813100242505131 9.542609193561164 7.5562625535871195 7.597900448551989 7.187845596629332 7.182667667048706 7.8829214962887475 5.821649690312522 6.2331393620370426 8.853253176495675 7.214106852054607 6.577795763980404 6.897045705185736 6.925800768387027 7.439876455035258 8.384229518501826 7.750163752443512 2.6434006041518088 6.614109464432731 6.34068302009329 5.900492778284933 8.003741321945286 8.557025210376615 8.147297339367018 7.095789124006638 8.298629026055705 87.20446787268864 89.06758985288907 -9999.0 -9999.0 -9999.0 -9999.0 -9999.0 -9999.0 -9999.0 -9999.0 -9999.0 -9999.0 -9999.0 -9999.0 -9999.0 -9999.0 -9999.0 -9999.0 -9999.0 -9999.0 -9999.0 -9999.0 -9999.0 -9999.0 -9999.0
9.38617986047662 7.441956617219989 7.461895334321557 6.730612574132946 5.464977957258758 5.407429591097809 5.2062936995318125 7.386835047503106 7.685697421821323 3.9454763934793324 5.870256429851247 7.376766703258067 7.508203752939057 8.7763464686415 8.298629026055703 6.4231509137348155 2.745337391122893 8.113938929562295 8.225203179683424 8.947284888540457 5.600623872173322 6.038504900181484 7.378026031139762 6.915032178835884 5.7111402604251085 3.192695429429004 6.420726745885314 9.230217562963807 87.1923312556787 88.74660059519833 88.90204381762213 -9999.0 -9999.0 -9999.0 -9999.0 -9999.0 -9999.0 -9999.0 -9999.0 -9999.0 -9999.0 -9999.0 -9999.0 -9999.0 -9999.0 -9999.0 -9999.0 -9999.0 -9999.0 -9999.0 -9999.0 -9999.0
8.582841687222881 10.533573078975614 8.003741321945286 5.851077009070334 4.72794257368475 4.700653300637178 1.1167815879366052 3.598285147318022 6.391562602764115 6.358342781459237 4.4537364088047395 3.646970455272818 6.17334280179783 5.202081481741741 1.1585075682212918 3.2774836932784237 3.6633401150598264 1.8723644369780246 7.901305062643841 7.348161474263819 2.141690958953892 6.79906454777846 9.45102356940563 5.541697540188128 6.941473844739957 7.062044068464845 5.065400593002855 6.140934969419881 6.811848360189293 7.579152222258715 88.74703488706898 -9999.0 -9999.0 -9999.0 -9999.0 -9999.0 -9999.0 -9999.0 -9999.0 -9999.0 -9999.0 -9999.0 -9999.0 -9999.0 -9999.0 -9999.0 -9999.0 -9999.0 -9999.0 -9999.0 -9999.0 -9999.0
8.714935352648132 10.206602165493102 5.946863053973501 5.1585517806060395 1.3618903576020325 2.3119726279790576 0.5338064621315732 2.5756402310644444 6.745374431376159 7.679259826096638 8.133668147940277 5.616230502338747 2.6469814019107907 1.1082476896838922 2.069643399887707 0.8570116790376451 3.822318461397719 5.776408796678064 5.409743563009599 4.701320811403659 3.376956342468139 5.0031510307685005 9.175376707832783 5.510573533199841 3.505158591669113 6.722294255900386 6.068906985324924 5.663337575453296 2.7739326940100715 6.293340087225706 87.19012672443903 89.06572314423445 -9999.0 -9999.0 -9999.0 -9999.0 -9999.0 -9999.0 -9999.0 -9999.0 -9999.0 -9999.0 -9999.0 -9999.0 -9999.0 -9999.0 -9999.0 -9999.0 -9999.0 -9999.0 -9999.0 -9999.0
4.962261431524984 3.236831096980961 7.312664273518501 5.363853381920777 2.4044081493583755 0.6365935759634864 2.841380256647152 1.5791677179449233 4.75639177805072 6.118042247435151 7.317322945364093 7.746574890697928 4.2818198962515766 0.7205666619292026 3.1499387498215303 5.876635270464497 4.403376711597533 4.089542126835764 10.645814450628434 6.243630382273429 7.418206625114528 3.483519392691572 7.8962247464795094 8.496825198077618 7.44070859285219 5.739516872839481 6.461327995779884 7.061165336782635 4.298667808147502 6.722294255900386 6.218120511097264 87.18986153114426 89.06513912667461 -9999.0 -9999.0 -9999.0 -9999.0 -9999.0 -9999.0 -9999.0 -9999.0 -9999.0 -9999.0 -9999.0 -9999.0 -9999.0 -9999.0 -9999.0 -9999.0 -9999.0 -9999.0 -9999.0
2.6907505646856 5.269063985153469 8.313454196269635 5.10237828237781 1.061574401347662 2.318795250496371 1.1167815879366052 0.17794006377479932 2.682525004522053 2.980138221196044 6.52078551672452 6.2331393620370426 4.170248052407578 3.2774836932784237 3.2446140570885507 2.260842622340416 5.749849383709693 5.79422528739331 11.166522406842956 6.614109464432731 8.614640366537119 6.739842664259008 3.874657449615676 7.816838551408595 9.277795381833405 9.697272655464083 5.3216765985636085 3.4898448236579607 3.843668167321381 4.162702058623035 2.8668117574401006 3.1499387498215303 87.18552911763366 89.11359098825261 -9999.0 -9999.0 -9999.0 -9999.0 -9999.0 -9999.0 -9999.0 -9999.0 -9999.0 -9999.0 -9999.0 -9999.0 -9999.0 -9999.0 -9999.0 -9999.0 -9999.0 -9999.0
4.571339715868212 7.0153134365476895 4.274473694130327 7.543150097211878 6.184946605727136 3.2192500526566454 2.2775516330864245 4.305242253082003 3.0687937453213516 3.874657449615676 6.108860401365267 6.262070439193322 3.7382125911090607 2.6481739190726525 5.679867904337984 5.020036055346784 1.1167815879366052 1.5911402711945875 8.936317371488409 7.5983074807471676 3.087238793939406 6.63289247430463 4.158167796357627 10.004655378199608 5.427642598914455 4.816685196474965 9.7698773569139 5.452944393159726 1.4626961733637338 4.3357892007765955 2.484521251438339 1.105388401417345 6.897045705185736 89.00848895225926 -9999.0 -9999.0 -9999.0 -9999.0 -9999.0 -9999.0 -9999.0 -9999.0 -9999.0 -9999.0 -9999.0 -9999.0 -9999.0 -9999.0 -9999.0 -9999.0 -9999.0 -9999.0
5.502053850855621 1.9124616044886842 5.0511525280179255 6.908292952821979 5.944238349075926 2.2496340470700584 3.290922002381179 3.7382125911090607 4.806254731280407 2.101469263114345 4.4881568884979295 5.6267954310460135 3.8835813212602024 1.7519657931438701 4.903792362690797 6.182930165948261 2.7556660954272743 3.4544541823283 9.287674595811971 8.688121717989377 0.6561839510398852 5.894140485322112 3.309071653057801 9.227235231638666 3.208458254431666 3.8379319924412507 10.330352970837716 7.60928873147062 0.9680096111071476 5.695251788760639 3.5586752515797326 0.733627941778096 6.266050115841834 89.00865571222727 -9999.0 -9999.0 -9999.0 -9999.0 -9999.0 -9999.0 -9999.0 -9999.0 -9999.0 -9999.0 -9999.0 -9999.0 -9999.0 -9999.0 -9999.0 -9999.0 -9999.0 -9999.0
4.204035045292608 3.843668167321381 3.0964197978902632 3.6079007357461608 5.618456391322535 3.342244943413361 2.9321098503806287 1.8157814292092993 2.4188163340941133 2.6434006041518088 2.294138440214794 6.788087107566686 7.614570085232581 5.7111402604251085 5.631792775255539 3.443490861148548 1.915765042975707 3.666776945975134 8.926365656666942 7.449855696667323 2.0681156231439846 3.3431878714661547 3.5586752515797326 4.424726499847204 6.169806742623755 6.661897734419827 13.342584392024301 9.4945245097052 0.42852980848270616 5.944238349075926 3.877093294757766 3.669352433579613 6.309655592142021 89.00851294512908 -9999.0 -9999.0 -9999.0 -9999.0 -9999.0 -9999.0 -9999.0 -9999.0 -9999.0 -9999.0 -9999.0 -9999.0 -9999.0 -9999.0 -9999.0 -9999.0 -9999.0 -9999.0
6.810479857186835 8.997483902344353 6.762401170044242 5.934779522958156 5.1882167279326605 0.795723552739274 3.1237996549342455 1.3618903576020325 2.8668117574401006 4.067179338102371 4.100293712915969 8.071654587187593 10.28210867206583 12.095969720660555 10.683507759366373 11.445593246207565 14.063259143910084 14.326703892622682 13.461973190741922 11.621085543105808 6.603755221333418 0.7996917592637356 0.23873103309890856 4.04857752544941 7.536584915274198 7.483432941274735 14.855540128904032 11.72753445725184 1.7609677317832144 6.09966431245601 4.630019514431122 2.318795250496371 5.1585517806060395 88.67925154816936 -9999.0 -9999.0 -9999.0 -9999.0 -9999.0 -9999.0 -9999.0 -9999.0 -9999.0 -9999.0 -9999.0 -9999.0 -9999.0 -9999.0 -9999.0 -9999.0 -9999.0 -9999.0
11.022418780934233 8.659801581756867 8.160524935820368 10.003743922198261 10.212546160508424 11.016950579151537 10.294192794631549 8.624262573562039 6.317057349126202 10.063708397461847 9.183375326732158 7.860565905142851 11.983952787534513 16.392429598038103 17.54919492846956 18.219973222548116 19.601384931963075 20.840814552663826 20.028035504906367 15.52300279304736 10.418266900362877 5.390622880939416 0.984222142020271 1.0343947345754947 4.257528608994701 3.913446815427813 13.438367949882243 15.884210376777679 7.957739076982244 4.212998494935327 7.848379512543344 4.58094434624694 3.666776945975134 88.7468175859397 -9999.0 -9999.0 -9999.0 -9999.0 -9999.0 -9999.0 -9999.0 -9999.0 -9999.0 -9999.0 -9999.0 -9999.0 -9999.0 -9999.0 -9999.0 -9999.0 -9999.0 -9999.0
10.165187152419994 10.139471543703864 11.263331808995897 10.769682941155354 11.319758038970177 13.692027565494394 15.639032293568507 15.270635245580511 14.043314947975517 12.726575502846693 10.088128092710374 8.003741321945286 8.853253176495675 12.223417206147545 15.605488719323663 15.103018654205972 12.413033204669265 13.991430443916935 14.602486315838068 13.586207258718968 11.967248593817345 8.476174189300663 5.785054134698457 1.915765042975707 7.988695658452451 4.011111638690284 10.139471543703864 15.981580848564871 13.9788946608844 5.005656183379584 3.687329926656374 5.220709218684813 3.353542422716398 87.19336707856533 89.06504980828208 -9999.0 -9999.0 -9999.0 -9999.0 -9999.0 -9999.0 -9999.0 -9999.0 -9999.0 -9999.0 -9999.0 -9999.0 -9999.0 -9999.0 -9999.0 -9999.0 -9999.0
5.1585517806060395 8.453287233471896 11.043443551421285 10.69114203848129 9.40178610635404 10.297726695041408 13.085403969626224 13.110864251331666 13.753748131419176 14.914379873193058 13.134920707281893 8.507672828603134 8.432158558929423 6.6042262334789035 3.0273993266001633 2.6481739190726525 6.177886097225784 10.211060513926807 12.562880040739847 12.041593948013926 9.904465273979858 7.008231594308929 8.937003261463754 7.516853366511258 7.1415376297878925 12.128464098987433 6.583468685487175 17.063577232019288 16.347574805123884 10.439176708995728 1.9501123159291642 7.076088330067765 7.926265952145376 8.034895277415062 87.18606566905478 89.11264457461574 -9999.0 -9999.0 -9999.0 -9999.0 -9999.0 -9999.0 -9999.0 -9999.0 -9999.0 -9999.0 -9999.0 -9999.0 -9999.0 -9999.0 -9999.0 -9999.0
9.694758592450736 5.459824042000088 3.598285147318022 9.38780680921162 9.054490945329972 8.597148661342759 9.219609029192881 9.245444516265225 14.782726042615675 15.154068050312597 12.418779056024626 16.708198131353985 18.11522468767195 16.2287367059342 13.434866820699753 10.235099163087561 10.589998986855873 13.80985081105102 13.019349463069723 9.259984358881443 8.977371945943755 8.61713610729773 12.69556854027301 12.732627011680416 10.696793217129349 16.47086644584558 4.386220872827734 10.597706929652631 14.905464820798558 14.041443488935615 5.831832745591207 5.984006040803186 8.204955143083769 4.39695123969086 5.322852793549543 89.00822775315929 -9999.0 -9999.0 -9999.0 -9999.0 -9999.0 -9999.0 -9999.0 -9999.0 -9999.0 -9999.0 -9999.0 -9999.0 -9999.0 -9999.0 -9999.0 -9999.0
7.309698050667797 7.016640454278456 5.894140485322113 8.291205938896136 10.03013975464113 8.789272139793574 5.10237828237781 10.622217433072436 15.403125863548036 10.195893493944467 12.287311436907983 13.663085684163907 13.200761863306274 14.683265950165469 13.384861323062553 8.166564312937464 8.33009919408033 12.807766166398215 11.976725812374069 9.691929431884166 9.439710414747797 13.516867740203388 18.681401628012278 18.53264471246308 13.976595016271794 20.95248833951804 16.515825073658114 14.692537830488838 11.994659682683803 11.471518553787643 10.095351267976469 1.2829337195690858 5.8323681897375215 86.02260623249204 86.01431680350663 88.67782104529194 -9999.0 -9999.0 -9999.0 -9999.0 -9999.0 -9999.0 -9999.0 -9999.0 -9999.0 -9999.0 -9999.0 -9999.0 -9999.0 -9999.0 -9999.0 -9999.0
6.229137987750565 6.897495960922657 9.055843589908475 6.61410946443273 9.697901061523577 10.081803213899194 6.804546376619663 12.150072889936737 10.176527410054078 11.876541556036635 14.667270526839639 12.930296726467622 12.210007775631606 12.85205782194364 12.226097109786462 6.828248192644938 5.085772293971772 12.395297925884663 14.202571428557286 14.332593280534853 14.913604901981323 18.686387594804014 20.51127667570725 15.660981130390292 16.96250817457547 19.389018325916634 16.851163594285282 18.39266063977227 18.131542622879728 15.027785425220042 10.231541751613447 2.3859440303888126 86.00960094467712 87.17353155276852 88.67722823704253 89.06633590806643 -9999.0 -9999.0 -9999.0 -9999.0 -9999.0 -9999.0 -9999.0 -9999.0 -9999.0 -9999.0 -9999.0 -9999.0 -9999.0 -9999.0 -9999.0 -9999.0
9.560175142814604 10.086923685204807 10.305673154221454 5.717701543355027 6.6921666211563124 7.873516744520723 8.060568821463711 7.4585760842988975 8.326773007256095 14.703773197718021 14.561101281778628 14.929288775563046 15.382975174113879 13.96215993124097 11.278533674771449 6.52078551672452 5.948961960073408 14.413337125319224 14.690960125555968 12.913135013790926 15.557313017179208 18.081614705379124 20.563924201509572 14.536762845589516 12.830395072021465 16.5962716277794 12.53473055311258 11.648634944412734 9.429030383485465 6.972710160571506 3.328068672711965 8.445279494401746 87.1727424357084 89.06507923098377 -9999.0 -9999.0 -9999.0 -9999.0 -9999.0 -9999.0 -9999.0 -9999.0 -9999.0 -9999.0 -9999.0 -9999.0 -9999.0 -9999.0 -9999.0 -9999.0 -9999.0 -9999.0
