src/main/results/Slope.asc
ncols    218
nrows    236
xllcorner    466515.47101027
yllcorner    2626221.2241437
cellsize    90.0
NODATA_value    -9999
[rows 138 to 160 of 236, columns 52 to 103 of 218]
2.9115916522230614 12.427153053662721 13.51621574275253 12.571381816843738 8.687768321172229 7.636871946152298 6.833705725293992 3.418693600708423 9.50416235572525 10.963203430124587 7.575478408379616 1.3170095360042926 3.1328726812058454 10.74891252309045 13.678530157639367 10.86733229533368 8.789272139793574 1.7519657931438701 4.5271689253897405 6.80819838440355 8.003741321945286 10.051625581059184 8.911243892473546 7.5562625535871195 5.269658122688171 11.053803197617913 15.33377184500746 14.555320252335575 10.17324611442146 12.979350497927722 28.24494249902699 29.29044947258508 11.004636197032978 10.42262687923288 14.521776879624142 15.361483616269972 13.436398693774192 10.921045627412743 9.632310297711049 5.295141545445174 3.0584980605509657 13.340819515332822 20.4446548472843 19.71730097178164 17.565706420569263 19.04551509877919 20.895364208990884 23.608159505422176 22.373959071619343 16.84932519225122 14.258056287119707 11.871004010907205
2.6085313777998267 16.07115364879482 15.240271485824612 9.280101538935435 7.187845596629332 8.503335535285181 3.591275650562665 8.24390457040563 9.230217562963807 7.3329703530877985 8.06936229653362 4.68728276360743 2.099964721800042 7.910675098782253 11.652748258216556 12.114690539398968 10.458883044739299 3.2446140570885507 1.922354839104649 3.9246872751367192 8.297144969836875 8.780540794818418 4.616440757801217 8.804268517239906 16.684702651587227 18.5313108956745 17.966894627374312 19.115291346287428 20.46455532644366 20.096127795553826 31.571824681607442 26.522997982602252 0.795723552739274 8.046784802989905 8.410242191245228 11.602506698650368 13.704226271244401 16.264045699815817 19.89428780093624 19.55780196978267 16.99495802023962 17.48502740296704 17.301080783338893 13.952107896905439 13.3962849665022 16.72693146966161 20.56818489005481 22.42084078196946 18.406571249698224 10.561111083596916 4.595313010403895 1.7447307179543323
7.679259826096638 15.478225795141586 12.601793264139342 9.699471884801662 6.330850055467879 3.4389123953782974 2.466659744506935 8.532206710192806 6.334785132858431 11.131973497724916 12.196093253673398 6.986941269869629 4.170248052407578 5.247629219705338 11.555914371049315 13.966555053305505 9.437769555474032 1.7465423035516847 0.0 1.2171181316034883 5.925831925018874 9.81930247311218 11.686109254017937 15.652206044621563 18.96231828867539 19.845057409427742 22.048350703113815 23.957504350881745 21.010778410240075 19.36314812940928 26.9931076791849 17.0741035993465 13.307014555607807 17.78734784310116 20.30250825250429 23.937966263981455 25.40581951618614 24.62964171040691 23.495762698625263 20.956012170419683 16.772895494356284 15.605488719323663 16.26456938554643 13.663085684163907 14.00729038149178 17.329353473832693 18.62717803605143 18.368246998709516 10.028018734138671 2.643400604151809 6.098130241725365 6.952646418706177
8.18691252530053 15.45466480204859 15.510251614222552 10.134679435510549 5.448927156077076 3.2736339552824276 5.894140485322112 8.879537016680127 7.299518593192708 7.682881669458194 12.531177226288307 10.722746668923158 9.13426625666227 5.608990105730803 10.514595035133008 11.386692502702454 8.31530537912734 2.667181268490837 0.0 2.77734422325665 9.636423803049935 12.885622158908827 12.020511324658166 13.184672265719993 16.27625967120544 20.00245417231405 24.312488728104757 24.358846834599834 17.655541496014695 15.917942114974634 15.812331294548938 5.216508898449695 15.234416750610803 16.195790423326837 18.733814711235016 23.311121188907226 24.65591544669561 22.225512122210773 20.490918761991274 20.47793760578222 18.7193396139751 16.951729710470932 16.57104504814416 16.217880466261704 16.37928316518592 15.691465052838973 15.58399727664844 10.720210778665082 1.2829337195690858 11.704540602425618 14.107599958243087 14.434296190342002
16.189647775153894 18.02091511069149 14.377786288775734 9.478438042653694 8.172975994567974 7.303761833148791 6.063765138410265 9.127227621443625 8.610003383403592 7.932104216424293 11.943268684817967 13.775880761796024 14.107599958243087 10.906953245354048 10.739635854354537 13.084501683825462 9.180376717752768 2.8821812090202448 1.2730300200567113 5.322852793549541 11.450573854597733 14.249473685623139 14.449388769268015 16.656759254011902 20.767096311252786 20.418079939986317 17.738379032834327 17.236239429744842 12.740070547586669 11.775658862278757 4.5823147648922165 8.935631425418535 16.515825073658114 15.344451712063439 16.05768550164668 19.332885169214126 19.654860249286333 18.49227899163907 19.660348052646572 21.674286034231624 20.552039571920474 16.102997262385653 15.462090233743403 16.719677484973573 17.178109980997966 16.182624124174353 15.524849746436 8.543726239832898 9.121525428616778 21.891306445135886 21.36977257796865 18.029361188400216
18.02091511069149 17.105470294600362 12.066344238797466 4.051683837828445 2.1342998941463125 3.785079077002005 3.101508521071128 5.480409914700884 7.068192006764542 7.643751458332176 9.778289297912947 10.771084765611262 10.519774570002827 7.357007838144761 8.548401349884342 9.298200036904948 4.821241295371093 1.012750369636371 1.8000401824893766 8.282288957655867 16.970296539403275 20.155422119735228 19.498982008447282 20.93246254422662 21.82437863432337 18.99278333889127 16.564048241240137 15.309756505283241 9.083188390281313 2.469219338234242 9.180376717752768 17.86024944122178 19.378955336952398 18.434948822922014 18.856778697088817 18.94274100667953 15.364475901361613 12.350352461901764 13.943095800055685 15.833810231685966 17.208263695301497 15.450207488385605 16.99346966205703 20.314066077521286 22.33821632273455 20.626294296109982 16.17998929665001 5.541697540188128 18.082685341953898 25.68638415568343 20.25328805141025 20.55927480733437
4.054787738741621 5.925831925018874 5.285674020635527 8.544085959935774 9.21164405170864 6.301750490571145 1.6857298178543432 1.544740616604175 1.9124616044886842 1.5791677179449233 3.23585689949234 4.386220872827734 6.721369339369456 3.3955701662987656 6.070962468110243 8.714935352648132 5.02315655574251 0.3978809618345933 5.082074549758685 11.92900511452444 16.30726771871584 15.750404719399029 15.319330512623587 18.31884298890214 17.91049947364272 14.21979673755405 10.44584662148357 12.060409357025891 11.80001927874451 7.986764570182322 17.0299703864718 18.219973222548116 16.024310422707753 17.193928539245377 16.17700252631609 13.902562574389222 11.284927692609445 7.6550682988535 6.782591473871887 8.687768321172229 13.774604997910592 15.977835409333402 19.11927663045886 20.907235415482422 17.775317038209 10.238655232155757 0.7161599454704085 13.710000227394966 24.923662053842524 25.796397224448565 17.049749099045346 20.721287260332726
16.277654840784617 15.930121649384091 14.826699368981245 9.590434873714988 6.221628255012184 5.325792118326219 3.144929008495178 4.562402717258316 4.625271563082417 1.4626961733637338 1.9678637764222802 5.377837093815921 5.8189668951381455 2.052775101535614 6.986941269869629 6.703770784899772 3.354482146201578 1.4862963748635565 6.31656417727503 11.947019092746208 14.934705820146235 15.830743969642935 17.066209581453876 18.331022151364333 15.58105550384848 11.004088539379032 8.811234328732239 9.427411064372354 7.940270203745796 13.754387149977903 15.602551820781565 14.448986540578774 10.208088516522077 12.093010832034691 12.500333920577146 11.384318902655883 10.94035565825027 8.854292270946072 9.211312017773073 7.5267259062021665 10.476237440882397 14.396382518984648 16.144632027482302 14.843855921640948 5.808222980428714 8.876774197679385 18.238591995503246 23.985107940837526 28.289189397129213 27.414983921561266 20.53600635272395 21.00990068750933
13.447116187840626 8.855677528370592 3.9342960750132234 6.250115718469694 7.280392075485625 4.4537364088047395 6.19552181150383 7.6368719461523 6.7679138137269055 2.9321098503806287 3.0273993266001633 6.550779926398934 8.130257086576343 8.204955143083769 7.469772372961139 3.1976297288329993 0.8896316792648157 4.5506889407309155 9.323474735182806 11.449525504965461 11.88785938390026 15.44872137442158 18.242827015711136 18.760825326435757 15.229882207304923 6.677282786991079 6.239136459390014 11.884842473105868 15.735876477883577 17.620024497376686 15.423617301976961 13.713420505019544 11.516406705292809 11.010384793754655 10.720492576673829 9.30739934219333 8.941460179892818 6.262070439193322 7.712994367688009 8.508034163993411 6.890288201248291 10.410413925988191 12.175555091763643 5.993384935247707 9.23253644144355 20.122081350206177 24.41335163013242 26.971040955737607 27.170882540814237 23.697086711904902 19.193516920934954 19.00254164846292
7.566081287971379 8.931857718765588 10.19857180614525 6.75136187445659 4.143017244095764 6.050890831327083 9.094976892070349 8.769701090508706 9.772993801059815 3.342244943413361 1.5751566030890896 4.33868704673532 6.721369339369456 6.856849932584161 4.475543892331244 1.3502244696996157 2.9191678837276087 8.804616947021842 12.045557822036134 11.310198153902551 11.225629485282683 14.185527189375208 17.131854739462973 15.028937390824352 11.45581400817174 11.90519005460663 16.732327264217563 18.65894342287916 18.875893334332467 17.623343238916622 14.260711583026561 11.538258446274998 9.849323502363504 8.272989640860212 8.8919583928727 9.764576940207574 9.421579043017086 6.891640252686221 9.801925555095703 11.68815877887951 10.054647759556305 9.416391770709883 4.603503194663966 8.685294115932344 20.288837533725204 24.35844165431483 27.235347002831627 24.690186000680555 19.785329694027688 20.99283775788517 22.120274061602316 21.226416762048874
10.092944165327735 12.027708869283613 11.278267170443542 10.219970876319401 11.437986631825934 11.322942684454349 9.156684214373422 10.69114203848129 13.440993108702516 1.7006724093844938 0.3978809618345933 1.6706532713999678 1.4320961841646465 0.3978809618345933 0.3978809618345933 0.0 5.10237828237781 10.658584142847332 10.597706929652631 7.778414976879543 9.55506862857938 14.857291821909 13.852811497247988 12.913135013790926 18.855039752502417 21.956178043201394 20.994720635548543 19.920729177810173 17.356602089733077 11.85689541343614 8.668662175662684 12.715161857961892 15.624379101252018 14.387694309343152 12.234132863653226 13.161392003186132 16.068319390025504 15.64653565063651 15.171355469963212 14.202571428557286 10.092643233750984 3.2774836932784237 7.504493583009528 18.42016963184246 23.535805211608142 25.863822214397842 27.12420501496221 21.320702534854135 17.879036633548015 22.76038336145901 25.744133776671525 22.721357801742624
19.794032300488055 18.50356908052983 13.738188080005562 7.543150097211876 6.890288201248291 6.811848360189293 3.8738451567098076 11.28652557171994 13.147715296541213 3.192695429429004 0.6845187244284203 3.216310456209665 5.92108933047608 7.466871316925385 7.375087250036731 7.012658617454983 9.350963681373873 11.524996800358881 7.3329703530877985 5.726437914863258 10.454539538813004 14.833525810160397 9.904465273979858 15.87126883904891 22.076340912191554 22.684823831912848 19.315062505737895 14.156311608885012 6.767454604674536 2.274775356805859 6.65862950248818 17.007354711881806 19.99709126843926 21.377364420816615 22.31173009656615 21.425888019015286 19.535823828332262 16.048639960728092 13.601105209098494 8.963709354246618 1.9354669211172422 10.567124580607219 17.390226107566324 20.66020629578574 22.258738161124818 24.65710869008898 24.737251205998934 18.382331117481357 18.114156504984958 23.653214487235278 24.664663847117104 19.346763434104574
10.26439671565626 14.177921446383776 13.35933737662199 7.2462593113306 6.8227861281861175 6.422181360096112 7.461895334321557 8.795204190171425 10.833682652507221 5.541697540188128 0.8192443792205908 6.334293386248698 8.931857718765588 11.055982814492763 12.377293752909335 13.641171438299383 14.179360735937438 11.7397773465673 5.711140260425109 4.5727130621119665 9.762393513700777 11.988934069346397 12.380896947621544 16.38776063419393 15.430130466977937 12.139273887820215 6.890288201248291 5.658921118768502 7.220549286929642 2.7082921480661177 12.57445030552571 16.59831495849079 13.185343114132493 16.253917058152773 18.262775170005995 17.542839143077686 15.745684815733181 12.770723120302613 9.07205853646831 1.8502813052827343 11.25051263782287 19.293702945446345 21.068222040130944 20.843857270314558 21.432110443642696 22.54430603136302 21.034207473630023 17.28797496739251 20.37459933297293 24.90311010065307 23.37631885177491 86.02735709105156
11.90519005460663 15.552338143889507 16.3298685767479 9.861366007621752 8.41645795940385 8.291205938896136 9.625978133960084 6.379370208442804 7.48467351831242 8.40072631085801 1.9501123159291642 7.433632317854252 9.360107440543333 6.677282786991078 7.910675098782253 7.908723970205121 4.385504566874777 1.5011211722618352 4.937561849496636 8.695186451589455 11.969743412292372 12.447463459442629 10.124188123123353 7.579152222258715 4.5486186193677955 10.097757748780989 13.79776008540723 8.559897784140981 5.295141545445174 13.475066666181778 18.677587666736933 16.310051429700245 10.189938953286388 11.877548072775069 11.774642625786711 11.374555009215392 9.287674595811971 4.450208902289805 0.11253939479319922 6.332817909811782 18.38861954108261 21.585772348694874 20.441921357653797 21.794738481806647 23.901424196422468 25.442233752095536 21.623768948361295 17.55348344569483 85.98693498097617 85.99166883778818 16.43661756890092 86.03733827630565
12.614969322245313 14.302914425322811 13.569992439467686 6.936551986519526 2.514844380917382 4.057889233723129 7.608475874707557 6.401299241703757 4.44526561458912 7.828682050751301 0.46400226459282184 7.806954556751813 8.040650585108104 4.426146099405743 1.1585075682212918 4.101060590047192 8.713878580903755 10.719365335986664 10.085417956648731 9.456190459373351 11.60560546783219 12.164781470659289 9.396587112842012 1.6857298178543432 10.930981180037648 14.799356347471754 7.819998659540131 8.643117561922194 18.599325740067936 18.64027503545114 16.259855472313475 15.741326465169939 11.43247489342293 10.561111083596916 8.842161416285567 4.007973463791299 3.0001843873685723 5.1628002936338095 8.306415725948339 11.499465999742789 20.62693727514297 23.53228551402737 23.22913655270199 24.043375445205136 24.256008896784152 21.353106350263335 13.211475806283694 85.98742729830445 87.17581313463151 88.68369146869864 89.0147475627006 89.12014405054607
8.765501250097003 12.920231667545872 13.403309342293268 7.765297540385877 6.255597891944466 6.946839011142335 8.687768321172229 1.7465423035516847 5.4149462982081875 7.7190021275463145 3.491649964108229 5.675464647712456 9.76083360090335 8.783685142093638 12.149336936401417 13.178185383525888 11.177563961454117 9.774551621312797 9.373153369298887 5.1585517806060395 5.5983907109529865 6.026092752513819 4.998136881822369 10.410413925988191 10.951097881511274 7.159751795528122 11.92599982819457 16.744628385777485 15.603836795740762 11.890875439998077 11.793934432638103 14.114216415139452 12.489161703362758 11.832412875994146 8.523916858231267 1.5303392117811871 8.416092460426107 14.306373889413457 13.106136967915635 12.747741530887293 20.004464764516076 22.437656428238263 23.150659418944674 19.53679210848697 15.399396637064733 11.312057719944471 7.4672858256520005 87.17660907395863 89.06520164416051 -9999.0 -9999.0 -9999.0
8.21920924889906 10.342668862305256 13.385081114123695 13.870754166237253 11.593204869517214 9.205997732799263 7.585271105659536 7.095789124006638 5.065400593002855 3.7583706141199302 1.4670154085463278 4.845251016755033 9.770812402710467 11.462360467035905 11.953766512583083 8.272989640860212 6.266050115841835 3.353542422716398 4.845251016755033 8.953790078966685 8.095682363730617 8.941117424055223 12.338544811627347 9.115147880080022 4.033789438748334 12.038867936869755 14.51457715472545 13.202548211490393 11.220806354318315 8.713878580903755 9.519561110839417 11.60431442573642 7.4573309673218064 7.730603246595411 2.8447103878693705 7.279115109800776 15.011646877502669 16.46003329399483 13.124360057845324 15.190704711544214 20.50272191696712 20.328107380066633 19.10332896092132 14.434296190342002 9.380971591315406 6.0447011327342315 7.532889369113733 88.74264310616554 -9999.0 -9999.0 -9999.0 -9999.0
9.935126814920466 11.686109254017941 14.036659552104588 12.269128771499073 8.309009579470912 9.272192157971324 8.285262410996022 10.255528271059282 5.524177019467935 3.2678507705244684 2.1637121123093976 0.9581503229068795 1.6400835042728727 4.671186695214817 2.2454163470226183 2.2185172846602343 2.0635254825758658 5.285674020635526 9.601874928924515 5.676015246506736 3.0584980605509657 10.36842198428519 10.569700650130697 4.144534826528967 10.796003877845099 12.132150467909812 11.421968192890045 11.587257691220525 11.786069656335936 10.757618990212153 10.997240288058773 9.235185825489094 2.8469282970481418 5.719340656656436 13.484659252739792 19.84288969309758 20.919601930917615 15.888521386597812 14.494555863714814 19.025763061048636 18.58929161034951 14.464864592381176 18.292193041781854 14.56787560375581 6.026092752513819 5.553534091884607 8.26777719845677 89.0062203655019 -9999.0 -9999.0 -9999.0 -9999.0
5.464977957258758 5.944238349075926 7.389768948833224 9.403410159617136 13.757581727654706 11.88081859471874 7.303761833148791 7.516441716269494 5.571521175206326 8.73639359532603 12.837543761531224 13.285753220495465 10.615953189813876 7.407346864957699 2.295515241185579 1.7573725035758407 0.6060213672010365 5.980876378723448 9.227235231638666 3.3955701662987656 8.050233137701392 14.785075190958192 12.514579961609904 9.841904821690237 12.835468801612326 11.175410456506166 11.967248593817345 12.832701595317515 12.477740121816815 10.336512911984139 7.2462593113306 1.434303584737181 8.39706331933311 18.666580201200134 24.97726756791031 26.225017183754176 23.735468236813 20.865645613385297 20.203244629900706 19.33106179599385 13.1994219206077 6.840521284784603 12.633061013749328 11.329574183724189 6.02557500836668 4.945175122782912 9.139625139319914 89.00566953385942 -9999.0 -9999.0 -9999.0 -9999.0
5.020036055346784 4.9293006035608435 8.65554507670506 14.136726638591036 13.453236062544642 10.578568535652808 11.210080084858156 14.760975471204132 14.198466567354885 14.575044377662767 12.96591027344707 11.755570064307978 10.035288783859773 9.108429518048181 4.054787738741621 0.6365935759634864 1.6400835042728727 5.645650477811705 7.0153134365476895 7.583232052233423 7.643751458332176 11.998889693281672 10.134679435510549 8.371007327239813 12.85205782194364 12.916798356931679 11.81192531316222 9.776732119945162 7.050611666212921 3.7204837045604116 4.221198029197471 11.994659682683803 16.887879599749695 21.710867800293524 24.848373228974314 24.152610158001096 24.095872268055697 24.423039983333993 22.703270049114504 17.538229385288666 10.682942019784555 5.658921118768502 11.666105390614867 13.156461294578705 6.770209374309175 3.6693524335796135 85.99711637815595 89.00487788494611 -9999.0 -9999.0 -9999.0 -9999.0
5.672159903086445 8.225203179683424 13.377825819299012 17.79811994601171 18.674359680851357 13.648910516902102 11.784546765767583 14.96233517538109 14.479117301341587 8.093778142607261 1.5911402711945875 3.7238672163946718 9.723001429232351 11.704540602425618 4.084925523262411 0.9002422270246385 1.9124616044886842 5.082074549758685 8.444551119572319 8.864676086132915 3.735685102633891 12.6236663950961 5.851077009070334 9.333956943258592 12.596848222027374 8.77949241299224 5.082074549758685 2.77734422325665 0.7836983235602915 2.625422942263963 9.964465959267615 12.861723520639385 12.143202044204978 18.37304314996438 21.128685711952517 18.155451861590123 15.933164769879857 13.50229782730526 11.24008517191258 8.710355024840405 8.937346185420024 5.942662953652147 7.154552677451781 9.030106366251795 7.700161384481937 6.358342781459237 87.18009816718921 89.11063422576864 -9999.0 -9999.0 -9999.0 -9999.0
9.719240826417748 11.78987592351871 9.475217229939371 13.272666984238162 16.243605870639396 11.60560546783219 7.941436052585491 8.13215230686648 8.567074751828363 7.341413916487937 5.992864281892496 5.58888956652441 10.894502167700548 8.839733119506114 1.3241972611645605 2.700120341634059 0.7548944975654582 2.484521251438339 3.843668167321381 3.3685462522404546 5.542825947161212 8.574245351324283 3.3844142714222656 5.730255777235154 7.595050583576316 4.84266121931341 0.0 0.8752840910796715 3.283249762741243 5.332252797777378 12.379215603799993 13.809638798713605 10.706110526783702 18.658796522106226 22.1437088515244 17.67397474514027 13.79839674528929 9.55123681690605 8.147297339367018 9.199350259215727 9.385203546072047 5.858543342684028 4.2301245866227655 7.214106852054607 6.067878974976072 85.998354249165 88.73920072084998 -9999.0 -9999.0 -9999.0 -9999.0 -9999.0
9.740842927866485 8.429969635074867 12.00112843533742 15.667558559105212 18.11049355366508 13.549204824531428 8.978395746917903 7.943378734122012 10.200654410127875 11.07177091307479 7.537816342684691 5.353341063346965 9.90937801129014 7.497892983478755 1.2853977059050072 4.007973463791299 3.530235019037264 4.124762095270375 0.07957742037736522 0.0 7.010888157115631 10.030442717931757 9.102042168219512 9.075095396305112 7.848379512543344 3.413158398444711 1.7501598353241763 3.3741553297392253 6.677282786991078 15.080667632499885 19.605102838205287 16.96250817457547 16.934134254160234 23.4501516830441 25.06825274420687 22.908536571026925 19.0746648064373 14.419991468358413 11.149802516569789 11.010384793754655 11.925999828194573 7.832625705078163 3.2192500526566454 6.274001653630292 85.97959120557405 87.16778217853 88.89626808514537 -9999.0 -9999.0 -9999.0 -9999.0 -9999.0
